12569,0
13121,1
16033,1
17657,0
19819,2
20107,0
22921,3
36857,0
39761,1
40231,1
40241,1
41999,2
44383,1
47711,0
49747,1
58789,0
59611,1
60209,1
63443,1
64373,2
64927,2
65867,2
80107,2
85121,2
89209,0
91639,2
99817,0
100811,0
123401,2
126229,1
127261,4
144289,1
164089,3
167039,1
169667,0
190657,3
195737,1
197971,1
203969,0
223429,1
225077,0
226123,1
235211,1
265739,2
266047,1
270463,2
286613,2
290443,0
314339,3
325891,3
337453,0
361769,1
377599,1
384143,1
387913,2
391397,1
396547,1
412213,1
429431,2
491213,2
509549,0
515941,2
539897,1
542921,2
574081,2
607819,0
626323,1
633613,2
639547,1
649123,3
688403,2
695447,0
699289,2
738071,4
763067,0
778963,2
786271,2
811193,2
827041,4
827803,1
876193,3
879817,2
889327,1
915683,3
935707,0
937033,1
955883,3
988157,1
989423,0
992393,3
1021373,2
1026563,3
1036493,3
1043767,4
1048309,0
1090883,3
1110931,1
1184537,1
1217663,4
1245449,2
1256891,3
1259701,2
1280821,0
1290539,0
1455403,4
1478063,1
1491761,7
1518977,2
1558891,1
1637617,2
1660667,0
1665919,5
1667899,3
1729813,2
1800499,1
1842289,5
1849829,1
1865551,1
1929943,2
1972423,3