12569,0
13121,0
16033,0
17657,0
19819,0
20107,0
22921,0
36857,0
39761,0
40231,0
40241,0
41999,0
44383,0
47711,0
49747,0
58789,0
59611,0
60209,1
63443,0
64373,0
64927,0
65867,0
80107,0
85121,0
89209,0
91639,0
99817,0
100811,0
123401,0
126229,0
127261,0
144289,0
164089,0
167039,0
169667,0
190657,0
195737,0
197971,0
203969,0
223429,0
225077,0
226123,0
235211,0
265739,0
266047,0
270463,0
286613,0
290443,0
314339,0
325891,0
337453,0
361769,0
377599,0
384143,0
387913,0
391397,0
396547,0
412213,0
429431,0
491213,0
509549,0
515941,0
539897,0
542921,0
574081,0
607819,0
626323,0
633613,0
639547,0
649123,0
688403,0
695447,0
699289,0
738071,0
763067,0
778963,0
786271,0
811193,0
827041,0
827803,0
876193,0
879817,0
889327,0
915683,0
935707,0
937033,0
955883,0
988157,0
989423,0
992393,0
1021373,0
1026563,0
1036493,0
1043767,0
1048309,0
1090883,0
1110931,0
1184537,0
1217663,0
1245449,0
1256891,0
1259701,0
1280821,0
1290539,0
1455403,0
1478063,0
1491761,0
1518977,0
1558891,0
1637617,1
1660667,0
1665919,0
1667899,0
1729813,0
1800499,0
1842289,0
1849829,0
1865551,0
1929943,0
1972423,0