10103,38
10267,27
10273,59
10313,34
10337,37
10463,26
10499,27
10513,28
10559,21
10559,28
10723,33
10739,32
10891,51
11027,33
11057,25
11393,30
11549,32
11701,30
11701,25
11867,42
12101,28
12211,36
12281,30
12527,27
12539,36
12541,28
12703,32
12713,41
12713,31
12799,24
12893,34
13127,36
13291,20
13723,30
13807,26
13907,32
14107,34
14149,31
14243,26
14321,34
14347,35
14401,29
14533,24
14557,21
14827,33
15031,21
15121,55
15131,42
15137,32
15233,35
15233,38
15289,21
15313,23
15313,45
15361,18
15413,44
15643,27
15733,30
15737,58
15791,33
15809,29
15937,36
16889,33
16963,29
17209,29
17209,50
17209,34
17387,30
17467,37
17489,25
17509,26
17657,31
17783,40
17807,39
17807,32
17957,38
17987,38
18457,30
18637,45
18637,30
18637,20
18839,38
19457,35
19483,33
19543,44
19919,26
20101,35
20233,32
21433,25
21517,30
21529,25
21529,29
21569,32
21569,30
21589,33
21611,22
21673,42
21683,35
21737,25
21817,42
22013,23
22133,31
22153,26
22277,45
22441,42
22573,35
22643,31
22717,35
22787,48
22907,31
23021,27
23057,31
23081,21
23399,31
23719,39
23827,26
23977,23
24421,29
24547,25
24953,39
25037,54
25219,26
25343,25
25357,33
25603,29
25679,24
25873,27
25951,41
26003,20
26003,31
26041,37
26153,27
26153,28
26261,48
26387,49
26501,23
26591,22
26591,29
26759,29
26891,26
27277,32
27329,56
27779,21
27823,23
27883,42
28289,27
28289,24
28537,30
28703,38
28793,33
28793,21
29101,26
29663,20
29753,30
30109,26
30557,31
30593,32
30703,35
30911,40
31391,26
31517,35
31541,48
32203,27
32441,49
32771,19
32887,36
32993,36
33287,27
33413,19
33791,21
33809,38
33851,46
34061,37
34159,30
34253,28
34457,48
34471,43
34603,18
34729,30
35023,32
35059,24
35059,38
35537,55
35977,52
36277,46
36497,33
36563,27
36643,30
36821,39
36857,38
36887,21
37361,23
37511,23
37831,35
37993,45
38201,43
38219,21
38321,48
38629,58
38791,42
38873,28
39119,22
39341,25
39569,30
39799,29
40087,48
40151,39
40903,30
40927,35
40961,32
41257,38
41381,30
41801,29
41851,22
41897,29
42017,35
42157,44
42379,39
42397,30
42407,37
42473,53
42719,21
42899,24
43451,31
43573,51
43801,38
43951,28
44453,28
44453,30
44497,29
44939,35
45083,31
45307,32
45361,32
45439,28
45523,29
45589,35
45821,19
45821,34
46021,30
46601,46
46933,40
47387,28
47507,30
47623,23
47917,36
48247,25
49033,26
49409,26
49481,53
49523,27
49831,54
49877,30
50359,30
50423,27
50497,51
50867,35
50893,35
51133,36
51431,28
51473,53
51803,26
51817,28
51871,26
51871,21
51913,37
52127,31
52291,26
52313,44
52697,25
52769,29
52817,27
53527,35
53653,42
53719,31
53891,32
53923,33
53987,34
54787,29
55621,32
55763,32
55793,29
55949,45
55949,41
56171,31
56633,47
56983,41
57193,30
57283,28
57737,29
57791,38
57793,30
57793,55
57899,42
58129,37
58217,75
58231,40
58309,30
58909,39
60427,52
60427,28
60611,39
61211,31
61357,38
61487,41
62297,39
62347,31
63199,33
63247,25
63409,57
63611,30
63737,36
63781,51
64037,31
64399,33
64453,39
64483,38
65003,47
65003,48
66041,62
66071,45
66239,38
66361,35
66791,45
66841,59
67021,36
67429,38
67733,51
68147,62
68521,44
68767,31
68891,43
69493,55
69737,34
69809,41
69997,50
70019,35
70313,60
70717,34
71593,56
71633,37
71719,42
71849,43
72101,33
72169,33
72223,55
72287,42
72931,72
73597,40
73771,39
73849,50
74021,64
74561,67
74779,41
75269,51
76031,42
76079,28
76367,48
76441,36
77323,60
77471,47
77557,46
77929,47
77999,46
78517,47
78697,69
79601,50
80231,38
80239,35
80407,43
80407,51
81017,76
81097,38
81401,49
82051,38
82493,49
82613,48
82633,75
82727,36
82913,47
82939,34
83089,35
83227,41
83417,39
84089,43
84229,44
84421,83
84523,67
84871,42
85691,47
85829,62
86069,51
86161,90
86269,55
86413,78
87041,44
87181,43
87877,52
88471,52
88919,71
89209,62
89591,42
89767,46
89819,45
90121,51
90149,40
90289,59
90599,47
90917,73
90947,53
91331,94
91423,54
91453,43
91733,42
92107,54
92143,47
92219,49
92707,61
93169,49
93629,41
93911,40
94693,53
94723,43
94747,71
95083,55
95483,48
95773,50
95917,59
96157,59
96293,62
97381,57
97463,41
98597,84
98639,54
98729,55
99527,37
99577,44
99643,62
99761,44
99793,54
99809,37
100361,73
101027,65
101833,93
101839,61
102001,58
102409,64
102647,97
103043,41
103123,58
103423,53
104543,72
104639,48
104803,46
104869,56
105323,59
105341,52
105829,58
106787,58
107119,35
107269,49
108943,52
109037,97
109169,71
109379,52
109589,46
109873,64
111103,61
111659,60
111697,56
112361,63
112403,41
113417,50
113647,60
113777,51
114319,68
114371,65
115127,64
115901,61
116099,65
116167,82
117319,60
117673,102
118211,54
118373,103
118471,63
119027,65
119083,55
119089,69
119723,61
119737,103
119747,59
120331,68
120677,110
120737,56
120899,64
121271,105
121343,61
121343,52
122599,58
122743,60
122839,68
123113,87
123491,61
123653,45
123821,55
123829,46
124021,59
124277,59
124577,61
124693,69
124759,70
124799,57
124987,69
125353,101
126943,70
127217,57
127321,63
127709,58
128111,65
129001,65
129169,66
129461,57
129461,60
130073,107
130241,57
130337,55
131627,71
131969,57
133117,68
133541,61
134087,74
134153,60
134839,64
135043,75
135511,68
136033,51
136043,49
136309,63
136393,59
136777,68
137483,68
137491,65
138209,116
138433,61
138511,61
138577,131
138577,103
138863,67
138977,63
139133,55
139423,75
139801,69
139813,69
139969,53
139987,75
140419,60
141101,56
141871,93
142057,122
142699,50
142939,70
142963,55
142973,83
143137,70
143239,59
143483,78
143569,68
144031,71
144161,68
144163,67
144169,64
144223,56
144349,73
144439,102
144497,61
144829,71
144973,63
145433,77
145487,72
145511,76
146681,71
147031,66
147617,72
147739,60
148457,87
148549,59
148763,58
148859,51
149033,70
149837,71
149993,79
150427,119
150881,109
150881,77
151007,61
151631,75
152533,105
152897,124
153379,78
153499,55
153563,72
154213,104
154291,66
155203,65
155443,75
155887,67
156577,102
157273,76
157637,70
159437,73
159499,65
160009,68
160579,80
161093,64
162419,146
162493,71
162713,66
162713,74
162829,85
163417,77
163661,70
163883,72
165449,69
165811,75
166043,87
167429,75
167729,69
167771,83
167861,69
167863,72
168347,88
168491,91
168541,87
169067,75
169943,90
170167,79
170689,59
171167,91
171671,62
171823,53
174169,83
174637,74
176089,74
177887,66
178403,70
179327,81
179603,93
179719,71
179989,84
180497,101
180751,140
181927,90
182839,76
182921,66
183263,94
183497,93
183871,136
184279,73
185221,76
185813,88
185923,146
186191,82
186343,80
186761,139
187559,134
188021,94
188303,88
188417,91
188491,94
189187,76
189479,77
189733,77
190249,81
190271,66
191021,95
191033,79
191137,69
191237,77
191803,97
191999,86
192631,84
192767,95
193009,139
193073,79
193243,68
193283,89
193447,107
193463,137
193859,80
194263,75
194263,118
194989,94
195971,90
195977,101
196739,133
197297,141
198761,84
198761,68
198817,87
199877,81
200483,96
201073,156
202717,102
202973,155
203117,88
203323,92
203431,72
203449,81
203549,92
204161,77
205223,82
205553,83
205657,74
206197,85
206383,96
206407,114
206483,89
207013,167
207629,102
207721,82
207869,78
207923,97
208367,95
208387,143
209147,112
209233,92
209317,89
209597,151
210101,143
210277,99
211493,86
211493,95
211543,100
211741,107
211859,94
211927,86
212203,106
213391,92
213791,154
213919,103
213943,150
214063,88
214943,85
215153,79
215197,133
215497,89
215863,88
215939,106
217933,103
218003,104
218111,105
218227,102
218723,105
218947,92
220351,94
221549,91
221677,112
222289,92
222601,85
223277,101
224401,104
224863,81
226843,89
227299,78
227501,150
227719,94
228829,111
228829,85
229591,111
230017,91
230257,91
231631,90
231919,94
231961,82
232007,87
233083,115
233689,95
235007,128
235091,89
235591,105
236407,162
236749,117
236813,80
237683,91
238037,133
238727,90
238883,96
238919,94
238991,116
239423,115
239557,98
240421,97
241051,97
241141,87
241169,173
241259,95
241313,85
242083,165
244217,154
244393,91
244429,91
245071,106
245981,119
246689,113
247259,90
247301,131
248189,89
248231,97
248291,94
248621,93
248701,109
248827,104
249541,111
249863,124
250267,107
251197,166
251857,111
251947,89
252887,172
254147,96
254161,136
255173,92
255197,101
256579,105
257107,177
257437,190
257519,132
258607,103
259163,104
259841,110
259867,90
260089,120
261601,113
262111,120
263009,95
263023,152
263167,104
263597,171
263611,92
264139,125
264353,115
264743,118
265541,121
265819,103
266159,112
266549,114
266971,115
269189,108
270143,98
270323,99
270509,185
270659,104
270961,106
271273,99
272029,124
272603,108
272971,124
273059,110
273359,122
274147,105
274223,106
274451,130
274529,123
275207,93
275881,143
275981,102
276817,114
276977,110
277687,112
277757,161
278219,117
278329,100
278911,121
280187,90
280699,126
281033,105
281053,105
281783,139
282097,110
282221,121
282389,173
282707,132
282797,128
283807,202
284467,113
285161,108
287347,103
287669,137
287849,173
287857,121
288389,124
289129,123
290701,120
290767,136
291377,104
291817,108
292973,127
293311,107
293459,119
294919,134
297161,195
297581,111
297607,119
297659,118
297757,153
299711,111
300229,119
300511,99
300757,108
301381,104
301657,129
301877,115
301949,112
302171,115
302279,130
302551,127
303073,139
303271,119
303473,197
303649,128
303871,109
304009,150
304153,118
304517,129
306347,107
306781,122
307009,102
307067,145
307091,132
307589,125
307823,138
309437,143
309457,194
309931,115
311329,113
311539,128
311713,128
311791,115
312371,116
312737,120
312779,104
312941,163
313669,139
314879,113
314933,131
315851,127
316193,109
317599,127
317969,137
318289,163
318431,137
318503,148
319069,153
319691,117
319699,147
319883,112
320291,128
321569,163
322261,123
323087,122
323123,140
323131,112
323699,132
324143,211
325673,133
326219,151
327337,126
327797,111
328379,133
329269,160
330053,146
330241,133
330433,229
330611,117
332561,132
332933,210
333071,150
333449,139
334157,137
334297,122
334541,124
334651,123
335123,149
336761,177
336793,114
338297,116
338347,118
338609,139
338959,125
340619,158
340633,129
340687,132
342337,223
343481,149
344957,130
345413,151
345689,160
348239,135
349933,213
350621,128
351041,137
351097,125
352739,130
354121,220
354997,245
355549,218
356129,140
356549,150
356831,145
357563,129
358297,160
359003,229
359069,138
359137,132
359167,146
359327,145
360649,124
360653,131
361241,144
362281,151
362419,142
362863,145
362977,133
363067,110
363977,287
364271,221
364921,127
364979,167
365929,172
366277,133
366343,143
366463,235
366727,222
366973,130
367739,138
367853,129
368287,118
369013,121
369557,176
370193,290
370679,140
370813,127
371549,97
372451,156
372613,143
372973,137
375631,159
376501,142
376573,138
379459,101
379499,127
381523,142
381559,130
382037,149
382621,143
384641,145
385739,149
386129,155
386549,156
387187,125
387791,154
389867,147
390289,154
390437,130
391403,141
391661,232
392261,152
393721,164
394523,234
394727,127
394739,144
395039,154
395147,161
395953,230
398011,284
398311,149
398353,140
398681,245
399241,164
399941,145
400123,155
401477,157
403301,174
403549,137
403721,142
404381,165
405323,166
405473,150
405473,146
405719,167
405869,151
406339,178
407023,157
408137,255
408211,162
408497,257
409027,135
409033,265
409291,132
410623,182
411311,147
411583,264
411679,138
414203,154
415159,137
415517,157
415697,160
416359,140
416459,155
416833,164
417089,153
417227,141
417727,182
419189,166
419191,152
419873,144
420569,177
420757,191
420769,155
421711,182
422707,175
423347,273
423509,146
423581,147
424397,162
424819,137
426061,163
426091,153
427751,151
428833,193
429643,276
430513,173
430553,173
431429,162
431707,170
432161,148
432511,155
433429,179
433639,272
434761,173
435343,195
435817,133
437201,172
437539,143
439339,166
439787,152
441319,160
442367,147
442699,174
442777,270
442987,292
444349,266
444401,156
444929,189
445141,164
445463,181
445541,276
445853,220
447757,161
447983,142
448727,276
448807,158
449173,133
450223,163
450413,173
450431,174
450503,147
451939,161
453073,144
453451,181
454063,160
454219,151
454453,204
454799,167
455431,177
455489,174
455827,155
456451,140
456581,166
457363,174
457643,154
457943,176
461093,161
461093,178
461233,169
461653,168
462571,169
464173,188
465119,162
466273,183
466751,159
468277,186
468661,188
468973,202
469193,290
469219,165
473191,186
473723,193
474077,192
474311,165
476027,202
476039,255
476243,160
477821,171
477821,208
478087,167
478129,147
478493,160
478579,178
481003,265
481721,179
482873,154
483017,181
483347,162
484763,165
485371,206
486043,149
486091,153
486203,158
486817,280
487463,200
487561,302
487681,161
488021,186
488231,160
488231,161
488321,169
488407,166
488473,167
488639,186
489239,301
489407,183
489653,182
490019,193
490033,184
492257,305
492551,162
493147,169
493169,177
493201,168
493351,165
493643,187
495587,163
495953,176
496289,180
498779,301
499039,167
499267,174
499943,157
500029,178
500111,150
500113,300
500197,215
501953,307
502517,161
503317,181
504821,151
505097,161
506131,181
507361,189
507431,179
507697,182
508841,170
508909,211
509147,187
509149,202
509767,171
510073,297
510677,174
511573,208
512059,188
513041,161
513257,165
517211,182
517711,223
517991,188
518533,186
519283,296
519577,223
519581,216
520309,197
520699,189
521693,198
522127,197
522881,295
524591,295
526249,205
527209,166
528329,208
528527,228
528667,197
529103,180
529687,296
529811,184
530087,218
530143,191
531121,179
532619,154
532733,179
533297,173
533693,171
533809,343
534043,164
534511,211
536687,187
537071,174
537241,388
537379,189
537547,190
537877,182
538763,187
539261,194
540389,185
540689,184
541391,201
541507,199
541999,215
542149,186
542207,184
543097,186
544031,165
545213,328
545329,353
546509,175
546631,183
547999,198
549011,207
549149,190
550811,201
550811,188
551207,173
551321,188
551689,220
552491,184
554087,195
555029,213
555593,208
556583,184
558121,187
558499,184
559049,180
559841,210
560171,189
561347,235
562841,193
562963,173
563663,213
563821,202
564059,235
564671,172
564997,189
565189,202
566077,189
567877,184
568027,220
568853,189
569659,176
570671,201
571853,223
572387,200
572549,178
573179,188
573487,200
573829,181
574099,170
574169,198
574181,193
576421,189
577111,234
577637,204
577901,194
578063,177
578407,174
578777,205
579251,172
579763,205
579869,197
579983,206
580163,204
580339,213
580891,206
580969,212
581197,191
582137,189
582983,178
585073,324
585163,230
586897,352
587173,183
587287,193
587659,203
588229,212
588767,203
590641,196
591893,373
592121,223
592639,202
593539,345
594917,217
595451,258
595957,220
596423,226
596579,234
597833,212
598457,215
600217,233
600403,184
601031,201
601207,192
602267,220
602333,214
602477,210
604613,225
604649,221
605597,353
607097,203
607127,195
607309,186
608299,230
608899,219
608977,194
612067,173
613099,354
614093,222
614437,229
615137,413
615187,180
616843,347
617153,199
617401,225
618311,195
618559,218
618799,214
619159,242
620159,209
620999,200
621317,219
622177,361
622619,214
625697,200
626207,230
627673,206
628051,236
628171,212
628207,217
629653,202
629803,204
630127,361
630473,208
630689,357
632089,198
632591,183
633599,213
634421,214
635317,203
635711,219
637627,252
639151,232
639211,208
642683,210
642899,235
643403,230
643849,218
644863,191
648859,227
649739,224
649813,221
650479,200
651103,279
651361,246
651841,217
652019,200
652607,219
652787,214
653243,249
654047,216
657403,214
658403,224
658919,186
658943,382
659333,211
660661,225
662369,207
663437,268
664579,221
665549,227
667531,226
667727,224
667991,238
668051,270
668609,241
668719,254
669029,259
669241,197
670363,219
672593,271
673121,227
673837,213
674533,254
674813,211
675817,220
676987,198
678253,211
678577,485
678739,396
678971,232
679793,238
680681,414
681151,214
681727,205
682373,216
685747,224
686027,252
686087,250
687151,243
687437,224
688249,232
689411,275
691189,263
692281,285
692309,229
692591,219
692771,216
693493,234
693527,243
696257,256
696889,278
698729,250
698983,256
700241,276
700537,197
700789,237
701731,215
702517,249
702743,217
704929,254
704989,242
705197,260
706801,224
706913,244
707011,242
707197,412
708593,240
708913,276
714139,217
715417,258
716459,234
716819,245
717011,237
717719,280
721219,230
721621,276
722027,223
722669,221
722797,271
724573,244
724639,207
725359,273
726659,252
727673,258
727807,283
728699,242
730999,254
731233,266
733169,231
733793,473
733949,246
734347,243
735461,221
735829,224
736691,216
740651,239
741137,224
742243,420
743131,246
743671,238
743947,252
745601,258
746203,251
746671,264
747563,236
747619,228
750223,252
751411,238
751909,234
752299,233
753197,256
753617,402
753719,229
754057,286
754211,230
754861,224
755137,269
755173,263
755329,246
755593,269
756097,281
756727,245
758203,229
759047,256
759599,407
761597,255
763921,293
764149,254
764587,283
764789,263
765199,237
765313,260
766387,259
766939,438
767317,279
767549,294
770929,301
771623,284
771629,244
773063,232
773989,254
774083,257
775661,255
776983,275
777683,422
778307,467
778733,234
778963,226
779599,240
779939,426
780047,296
780257,234
780679,418
782267,252
783007,266
783143,255
783487,256
784087,291
784457,225
785119,231
786587,285
787217,243
788549,286
788863,260
789077,279
791933,257
794509,257
794659,288
795827,245
795913,428
796259,264
796447,282
796517,253
797911,311
798773,416
800773,237
801337,281
801419,241
801503,280
802969,293
803207,324
804113,304
804743,310
805249,322
806027,430
806543,454
806657,504
807181,425
809521,415
809981,302
811379,247
811627,261
812387,243
817319,232
817483,268
818017,269
819761,287
822049,262
822317,245
824773,255
825337,457
825637,254
826571,257
829123,253
829987,252
830567,270
830617,277
831163,333
831529,268
831829,307
832679,326
832763,273
833101,247
833999,275
834469,250
835207,280
836881,461
837509,289
838367,296
838459,271
839437,291
840967,261
841021,280
841157,318
841307,470
842813,265
844631,261
845309,263
845363,289
845623,414
847037,278
848803,294
849223,415
849833,259
850303,245
850979,259
851363,255
852569,296
852833,303
852913,284
853597,294
853933,466
854033,450
855229,471
856153,288
857069,258
857167,275
857221,305
857407,318
859513,276
860383,271
860399,256
860647,277
860939,277
861613,270
861877,263
862123,277
862187,320
862319,268
862417,441
864629,285
868423,299
869887,337
870853,267
873091,258
873403,277
874267,263
875663,346
878359,309
878873,301
879227,284
879539,470
880699,267
883237,306
883279,350
883621,320
885611,269
886433,260
887093,295
887693,285
888179,259
888781,271
888887,267
889439,318
890083,328
891763,282
892103,484
893041,320
895039,305
895901,305
896003,296
896191,278
896947,478
897263,306
898147,298
898243,269
899687,276
899917,310
900539,290
900763,265
900817,284
900931,294
901141,255
903073,252
903761,292
904027,467
904781,310
904879,311
905143,302
905477,281
906229,349
906391,304
906391,293
907391,255
907759,307
907997,278
909317,315
909379,303
910627,270
911161,276
912521,256
912797,286
912959,264
913259,289
914161,310
916187,268
920021,270
923509,292
923701,636
923869,340
924617,469
924751,309
926587,285
927863,336
928099,503
928607,306
930011,275
930187,479
930619,309
934079,321
936053,492
937009,291
937721,302
938117,320
938351,293
939061,283
940067,302
941221,291
941537,277
942247,358
943471,272
947927,262
949153,315
949439,292
949631,287
952423,285
952619,326
952619,303
955037,470
955993,295
957889,310
958669,365
961069,338
965233,494
966227,300
966313,344
966971,349
967333,531
968137,261
970201,290
971093,286
971483,360
971917,289
972163,334
972799,308
972869,304
972991,353
973331,319
974147,264
974167,498
974213,294
974261,295
974437,312
974473,516
974531,347
975553,289
975553,324
975731,305
976103,323
976411,300
977593,286
979093,504
979717,338
979757,339
980491,284
981697,299
981949,363
982573,268
983849,516
984149,295
984421,318
984541,544
984701,292
984749,291
987097,295
988571,311
989377,289
989641,323
990599,343
991223,318
992513,317
992539,541
992539,303
993647,530
993943,294
994549,329
994871,358
994927,510
995447,337
995801,287
997013,286
998281,299
999671,308
1000133,555
1000199,299
1000367,374
1001003,310
1005269,287
1005701,313
1005913,355
1006609,287
1006651,386
1006897,289
1010981,307
1011359,308
1015709,304
1019729,308
1020163,323
1020967,337
1023643,326
1024073,295
1024609,300
1026041,543
1026457,325
1026677,324
1027003,330
1027357,304
1027391,346
1028843,543
1029953,291
1033273,313
1033567,309
1034009,299
1034237,342
1034941,325
1035977,315
1036039,323
1036067,293
1037129,307
1037261,321
1038629,355
1040483,313
1040783,334
1042399,364
1042571,337
1044019,331
1044583,536
1049639,333
1050367,559
1051507,351
1052197,320
1054309,278
1054679,352
1057489,340
1057613,389
1058011,389
1059671,324
1061317,397
1062107,320
1064333,362
1064467,370
1064467,324
1065643,325
1066049,304
1066643,336
1068499,374
1068701,331
1071223,316
1071227,378
1072163,370
1073599,354
1074473,508
1075643,379
1076381,299
1077821,371
1077841,423
1079797,374
1080449,369
1081679,300
1083083,346
1083253,343
1084553,321
1086557,324
1086619,317
1086919,321
1087817,334
1087907,390
1091219,356
1091663,335
1092373,520
1092929,352
1094183,294
1094633,329
1094963,370
1095461,530
1095719,329
1095781,341
1096163,392
1097461,302
1098847,323
1099559,356
1100977,305
1101967,315
1102393,365
1102679,372
1103933,316
1104731,317
1105019,349
1105891,325
1105961,547
1106129,353
1106129,386
1106771,324
1108567,370
1108711,321
1108717,309
1110467,325
1111687,302
1112953,321
1113239,356
1113877,350
1113997,589
1115027,336
1115497,326
1118203,548
1118371,349
1119109,396
1119389,577
1119799,372
1119947,586
1120051,580
1120159,358
1121837,390
1123561,394
1123841,404
1124581,563
1125221,346
1125857,348
1127029,345
1127303,385
1127309,380
1127513,352
1127947,376
1129217,361
1131217,320
1131491,330
1132091,347
1132463,332
1133651,343
1133827,347
1133989,316
1134607,392
1135187,384
1135903,380
1136327,386
1137067,376
1138273,343
1139143,350
1139197,431
1144141,341
1145173,393
1145387,338
1145497,347
1145611,402
1146779,346
1146953,323
1147193,337
1147379,337
1148039,574
1148933,342
1149601,373
1150217,370
1150769,372
1150879,331
1151317,352
1152791,346
1153639,318
1154579,602
1154633,328
1155899,589
1155971,354
1158301,391
1159063,419
1159243,316
1160569,347
1160581,359
1161439,335
1161767,338
1161883,345
1162129,380
1163069,371
1165831,353
1167799,377
1168477,354
1168693,560
1170023,341
1171073,362
1171073,400
1171123,326
1172929,359
1173749,387
1174361,342
1175353,331
1176647,320
1177019,405
1178699,401
1180009,361
1180247,355
1181183,568
1184357,402
1184749,377
1185721,348
1186621,372
1187287,436
1189057,346
1189483,340
1190467,346
1193783,358
1193783,346
1194821,346
1196267,397
1196267,343
1198073,616
1198189,361
1199351,334
1199423,377
1200061,400
1202471,630
1203607,354
1203731,367
1203949,395
1208237,402
1210883,369
1211207,417
1213379,361
1213837,428
1213873,363
1214431,368
1214641,402
1215629,414
1216997,363
1218731,369
1220591,347
1220833,357
1221029,631
1222471,410
1222717,362
1224389,372
1228937,323
1230311,331
1230461,325
1230967,402
1232603,422
1233047,407
1233887,359
1235027,382
1235149,375
1235309,368
1235501,408
1236533,370
1237433,374
1238023,334
1238533,450
1239943,597
1244029,632
1244053,646
1245281,418
1247167,355
1247327,355
1247591,362
1248041,358
1248103,319
1249319,365
1249321,388
1249321,347
1249519,630
1249727,432
1251697,573
1252903,349
1253137,380
1253783,363
1253783,403
1254469,388
1254907,368
1254983,633
1255391,396
1255747,358
1258267,355
1258723,609
1258937,356
1259743,379
1260989,444
1261069,319
1261801,383
1262147,338
1262929,413
1263133,635
1263377,421
1264037,452
1265921,380
1266091,354
1266743,357
1266899,369
1267199,400
1267349,385
1267789,375
1269733,351
1270897,649
1271069,353
1273087,360
1273301,411
1273673,400
1275583,381
1275737,349
1275851,460
1275899,387
1276183,383
1278373,402
1279853,380
1280761,385
1281523,636
1281563,429
1282343,414
1282807,359
1283417,383
1285847,385
1286107,333
1286881,448
1287133,368
1288709,390
1290533,673
1291249,392
1292009,436
1293361,404
1296187,367
1296409,408
1296413,390
1296839,358
1297103,377
1299323,648
1299499,453
1302179,377
1303189,411
1303223,676
1304783,416
1306751,431
1307519,374
1308331,420
1308523,418
1308707,379
1308977,845
1310383,648
1311773,398
1313699,407
1314127,391
1314163,361
1316527,419
1317067,388
1317259,386
1317787,398
1319687,380
1320727,433
1321169,433
1323169,353
1323733,397
1324577,386
1325707,425
1326859,431
1327619,381
1328563,369
1330061,381
1334969,388
1336021,359
1336949,369
1336963,406
1339357,359
1339643,391
1340363,410
1340653,405
1341257,368
1343911,392
1345177,477
1346593,714
1346753,446
1347919,458
1348889,376
1348987,363
1349891,373
1351243,650
1351837,427
1351967,373
1352761,425
1352773,395
1352779,417
1353487,409
1353551,428
1353827,393
1354207,636
1354321,435
1355353,443
1358033,429
1358353,443
1358983,386
1360253,478
1361053,676
1361831,441
1362401,386
1362461,383
1364017,393
1364141,631
1365869,705
1366187,370
1369373,397
1371031,404
1371137,368
1371259,368
1372081,402
1372673,404
1372991,378
1374019,451
1375457,436
1379447,390
1381229,692
1381273,422
1381273,395
1381643,386
1386193,385
1386479,462
1387417,640
1387801,707
1388743,394
1389469,469
1389919,386
1389943,390
1390369,432
1390409,450
1391261,463
1392557,376
1393981,472
1394683,452
1397999,385
1398707,439
1399033,435
1399427,381
1399837,428
1400449,404
1401263,384
1401349,432
1402003,419
1402763,467
1403287,396
1403869,434
1403971,689
1406959,445
1407019,400
1408177,381
1409579,715
1409833,392
1412603,484
1413211,714
1416551,459
1417873,420
1419371,702
1421867,637
1423259,377
1423921,391
1425881,423
1426127,457
1429601,381
1429777,447
1431263,426
1431809,419
1432469,371
1432799,425
1433017,401
1434691,437
1435477,401
1436849,445
1438279,390
1438279,413
1438303,416
1439527,398
1440499,425
1441031,430
1441673,692
1441757,421
1443059,409
1443817,462
1445657,470
1445723,400
1446083,471
1447123,437
1448081,382
1448767,433
1448779,387
1448819,498
1449949,399
1452527,408
1452559,390
1454573,396
1454897,410
1455043,381
1455367,460
1455767,411
1457501,410
1458817,400
1459069,479
1459691,389
1460027,484
1460729,417
1461877,436
1462189,731
1462939,405
1465171,444
1466783,708
1467157,402
1467329,414
1467989,443
1468457,509
1468729,384
1469141,389
1471031,489
1471433,433
1472929,443
1472953,414
1474177,931
1476551,420
1476983,504
1477409,520
1478357,477
1478809,425
1480261,439
1481693,363
1483331,417
1484009,444
1484233,482
1485413,397
1486343,400
1488043,418
1489399,410
1491103,420
1491547,425
1491821,440
1492087,749
1492261,717
1493027,407
1493927,425
1494421,469
1494719,402
1495321,496
1496723,421
1496791,406
1498073,442
1502101,436
1503127,430
1503371,376
1504579,479
1505489,460
1505711,399
1507453,468
1509587,473
1509913,426
1510991,465
1513601,479
1515053,450
1517027,421
1518329,431
1521571,536
1521671,421
1522511,484
1523917,397
1526377,480
1526873,768
1527949,403
1529009,414
1531769,421
1532917,414
1534591,449
1535563,532
1538617,466
1539227,761
1540543,409
1541821,775
1542187,438
1542511,407
1543489,430
1543513,481
1543513,411
1545847,443
1546117,432
1548059,420
1548073,499
1548277,472
1549409,486
1549549,479
1551343,394
1551911,429
1552087,752
1552121,764
1556509,479
1556573,421
1558223,749
1559891,442
1560569,433
1563503,505
1564993,431
1566427,739
1566659,488
1566821,412
1567931,454
1570937,449
1571461,502
1571893,483
1573553,465
1574107,451
1574219,494
1574623,412
1577201,450
1577201,446
1577357,439
1577591,429
1578221,432
1578389,419
1578631,493
1580687,490
1583321,447
1584139,432
1584371,528
1584607,712
1586257,484
1587923,786
1588661,761
1589513,840
1589677,762
1590383,474
1590521,455
1590643,451
1591873,794
1592939,778
1593947,424
1595731,495
1598053,521
1600531,494
1600909,461
1601843,447
1602823,452
1603331,469
1605697,460
1607659,518
1609043,435
1611161,463
1611689,477
1612249,487
1612913,779
1613707,739
1614311,466
1614317,428
1614331,457
1616677,447
1618091,432
1619671,470
1619699,749
1619759,521
1622143,530
1622827,520
1623437,443
1623451,459
1625707,438
1626197,502
1626211,444
1626701,499
1626763,434
1627693,505
1629581,464
1631101,471
1632013,452
1632769,520
1633679,467
1635061,433
1635827,498
1636001,463
1637813,484
1638107,499
1638913,773
1638929,427
1639991,501
1640033,461
1642813,475
1643099,476
1643701,469
1644451,492
1645661,490
1646543,439
1649003,491
1655237,797
1656899,525
1657811,524
1658161,473
1658417,919
1658977,467
1659877,476
1660661,451
1660691,553
1661029,476
1663373,549
1666061,514
1667647,487
1667749,445
1668833,535
1669747,439
1669963,459
1670563,809
1671643,411
1672487,588
1674461,465
1675697,441
1676533,416
1677283,789
1678717,468
1679009,531
1679291,475
1679959,500
1679963,478
1680431,443
1680821,476
1681397,505
1681619,801
1687327,525
1688143,523
1690211,803
1691093,805
1692233,796
1693493,580
1694027,480
1695139,492
1699781,458
1700441,467
1702087,466
1703437,479
1704211,498
1708439,475
1711093,480
1711459,481
1715713,468
1715761,845
1716619,557
1716761,461
1716853,810
1719923,450
1721149,434
1721579,530
1723639,464
1724027,772
1724509,478
1724713,534
1724893,543
1725767,469
1725869,510
1726349,515
1727057,449
1727437,832
1729823,973
1730657,476
1731449,554
1732697,461
1734463,474
1734787,549
1734793,495
1735739,489
1735931,518
1737311,507
1738739,479
1738969,451
1739401,459
1740589,460
1742537,442
1744579,475
1746883,520
1747033,488
1747327,581
1747847,547
1750621,460
1752467,487
1753039,485
1756273,512
1756613,571
1756913,455
1757491,476
1759129,561
1759291,582
1760873,579
1761629,565
1762259,548
1763137,495
1763539,464
1764223,457
1767943,466
1770829,479
1772723,560
1774183,549
1775597,810
1776421,468
1776469,542
1776617,477
1776997,484
1777379,473
1778537,522
1779649,496
1779881,500
1780081,556
1781099,558
1784191,440
1784807,552
1787011,461
1787633,471
1788211,457
1788623,561
1789219,576
1789783,508
1790599,460
1791121,495
1792559,520
1794269,458
1794269,441
1797097,860
1797769,485
1798619,465
1798739,550
1798813,577
1799279,575
1800157,524
1800167,865
1800343,513
1802081,480
1803317,497
1805263,508
1805729,470
1805963,481
1806383,548
1806977,906
1807963,825
1808887,551
1809331,583
1812851,455
1813639,475
1815103,597
1815523,484
1819393,496
1820419,461
1821433,490
1824827,524
1825357,508
1828591,533
1828601,498
1829011,477
1831747,484
1834117,555
1835363,556
1835363,570
1836451,494
1837249,497
1837657,510
1839947,484
1840673,511
1843201,523
1844299,526
1844569,479
1846181,471
1846511,548
1847051,469
1847423,495
1848103,502
1848863,455
1848929,1016
1850119,582
1851319,499
1852699,482
1854109,516
1854317,473
1854373,501
1854997,600
1855961,528
1856149,508
1856821,566
1857439,500
1857929,466
1859497,632
1860097,503
1861511,564
1863637,551
1864427,557
1865659,597
1866211,584
1866281,490
1868371,503
1869097,467
1869403,496
1870361,572
1870373,574
1871413,630
1873589,626
1873687,494
1874797,587
1875793,473
1877723,536
1879807,473
1880257,463
1880267,501
1883699,589
1883773,538
1884517,569
1885259,478
1885847,573
1886051,577
1886231,543
1887133,491
1887211,493
1890103,462
1890283,536
1891627,553
1893181,518
1894691,497
1896577,882
1897361,517
1899661,527
1900831,622
1901177,513
1901519,512
1902029,494
1902539,834
1906271,533
1907593,510
1907593,564
1911347,605
1912831,496
1913047,549
1916333,596
1917301,552
1918237,532
1923059,594
1923107,581
1925383,878
1926161,594
1929467,482
1930307,480
1930391,504
1931381,501
1932181,509
1933181,594
1934393,498
1934663,511
1937233,853
1938113,491
1940219,579
1941557,945
1942033,589
1942939,545
1945561,516
1946033,574
1946171,586
1948759,507
1950107,575
1950623,608
1950941,587
1952221,607
1954217,538
1956011,575
1956341,681
1961957,521
1962139,546
1962283,882
1967479,628
1968773,610
1970209,550
1976197,547
1977223,607
1977403,559
1980899,531
1982269,550
1983889,557
1984901,549
1986949,473
1990243,629
1991911,604
1993829,500
1995289,536
1996697,537
1997773,913
1999867,546