10103,1
10267,0
10273,6
10313,0
10337,3
10463,2
10499,2
10513,1
10559,2
10559,1
10723,1
10739,0
10891,3
11027,1
11057,1
11393,2
11549,2
11701,1
11701,1
11867,5
12101,0
12211,1
12281,2
12527,0
12539,4
12541,3
12703,1
12713,2
12713,1
12799,0
12893,0
13127,1
13291,1
13723,1
13807,2
13907,2
14107,2
14149,3
14243,1
14321,2
14347,1
14401,1
14533,2
14557,0
14827,2
15031,0
15121,5
15131,1
15137,0
15233,1
15233,1
15289,0
15313,1
15313,4
15361,1
15413,0
15643,2
15733,3
15737,8
15791,2
15809,2
15937,1
16889,3
16963,2
17209,3
17209,2
17209,1
17387,1
17467,1
17489,1
17509,1
17657,0
17783,2
17807,0
17807,1
17957,2
17987,1
18457,1
18637,3
18637,2
18637,0
18839,3
19457,0
19483,2
19543,1
19919,3
20101,2
20233,3
21433,2
21517,1
21529,4
21529,1
21569,0
21569,1
21589,3
21611,4
21673,1
21683,3
21737,1
21817,7
22013,2
22133,0
22153,1
22277,1
22441,6
22573,1
22643,1
22717,7
22787,4
22907,0
23021,2
23057,0
23081,1
23399,1
23719,2
23827,1
23977,1
24421,1
24547,1
24953,1
25037,3
25219,2
25343,3
25357,0
25603,2
25679,1
25873,0
25951,7
26003,5
26003,5
26041,4
26153,0
26153,1
26261,5
26387,3
26501,1
26591,0
26591,0
26759,2
26891,1
27277,0
27329,3
27779,0
27823,4
27883,3
28289,0
28289,1
28537,3
28703,1
28793,1
28793,0
29101,1
29663,3
29753,4
30109,3
30557,0
30593,0
30703,3
30911,2
31391,0
31517,0
31541,3
32203,3
32441,1
32771,2
32887,0
32993,1
33287,3
33413,1
33791,0
33809,1
33851,5
34061,0
34159,0
34253,2
34457,4
34471,5
34603,3
34729,4
35023,0
35059,2
35059,0
35537,3
35977,7
36277,7
36497,1
36563,5
36643,3
36821,4
36857,1
36887,0
37361,0
37511,2
37831,2
37993,6
38201,4
38219,1
38321,3
38629,5
38791,1
38873,2
39119,1
39341,1
39569,1
39799,0
40087,1
40151,0
40903,1
40927,1
40961,2
41257,0
41381,1
41801,1
41851,3
41897,0
42017,2
42157,1
42379,0
42397,0
42407,3
42473,1
42719,1
42899,2
43451,3
43573,3
43801,1
43951,0
44453,1
44453,1
44497,1
44939,2
45083,1
45307,1
45361,1
45439,2
45523,0
45589,3
45821,2
45821,1
46021,1
46601,4
46933,3
47387,3
47507,1
47623,0
47917,1
48247,0
49033,0
49409,1
49481,9
49523,2
49831,6
49877,0
50359,2
50423,1
50497,2
50867,0
50893,5
51133,1
51431,2
51473,3
51803,0
51817,4
51871,4
51871,0
51913,5
52127,0
52291,0
52313,1
52697,1
52769,0
52817,0
53527,0
53653,3
53719,2
53891,1
53923,4
53987,0
54787,0
55621,2
55763,1
55793,2
55949,1
55949,0
56171,2
56633,7
56983,1
57193,2
57283,1
57737,1
57791,2
57793,4
57793,4
57899,6
58129,2
58217,7
58231,6
58309,1
58909,2
60427,5
60427,0
60611,2
61211,4
61357,0
61487,1
62297,1
62347,2
63199,0
63247,1
63409,6
63611,2
63737,4
63781,7
64037,0
64399,1
64453,0
64483,1
65003,7
65003,4
66041,5
66071,1
66239,0
66361,4
66791,0
66841,4
67021,1
67429,2
67733,1
68147,3
68521,2
68767,2
68891,2
69493,6
69737,3
69809,0
69997,1
70019,3
70313,6
70717,3
71593,6
71633,6
71719,2
71849,3
72101,1
72169,2
72223,3
72287,2
72931,8
73597,1
73771,3
73849,1
74021,4
74561,1
74779,2
75269,2
76031,2
76079,1
76367,1
76441,1
77323,5
77471,1
77557,0
77929,3
77999,2
78517,3
78697,3
79601,3
80231,2
80239,2
80407,3
80407,1
81017,4
81097,4
81401,3
82051,3
82493,2
82613,1
82633,6
82727,3
82913,2
82939,1
83089,1
83227,2
83417,2
84089,6
84229,1
84421,2
84523,5
84871,1
85691,1
85829,4
86069,0
86161,11
86269,4
86413,4
87041,0
87181,2
87877,1
88471,1
88919,0
89209,0
89591,3
89591,3
89767,4
89819,0
90121,2
90149,2
90289,0
90599,3
90917,4
90947,0
91331,11
91423,2
91453,4
91733,0
92107,2
92143,0
92219,1
92707,1
93169,1
93629,2
93911,7
94693,0
94723,1
94747,7
95083,4
95483,2
95773,2
95917,2
96157,3
96293,5
97381,5
97463,3
98597,9
98639,2
98729,3
99527,2
99577,3
99643,3
99761,0
99793,1
99809,3
100361,10
101027,3
101833,6
101839,1
102001,4
102409,1
102647,6
103043,1
103123,1
103423,2
104543,1
104639,0
104803,2
104869,2
105323,3
105341,2
105829,1
106787,2
107119,1
107269,0
108943,0
109037,7
109169,8
109379,4
109589,3
109873,2
111103,3
111659,2
111697,2
112361,1
112403,2
113417,0
113647,1
113777,4
114319,4
114371,1
115127,5
115901,3
116099,2
116167,7
117319,0
117673,3
118211,3
118373,3
118471,2
119027,2
119083,6
119089,2
119723,2
119737,8
119747,4
120331,6
120677,8
120737,3
120899,3
121271,10
121343,4
121343,2
122599,1
122743,5
122839,1
123113,1
123491,2
123653,2
123821,3
123829,2
124021,3
124277,4
124577,1
124693,5
124759,1
124799,3
124987,1
125353,7
126943,2
127217,2
127321,2
127709,2
128111,3
129001,4
129169,1
129461,2
129461,2
130073,5
130241,2
130337,6
131627,4
131969,1
133117,1
133541,1
134087,1
134153,2
134839,1
135043,3
135511,3
136033,6
136043,7
136309,2
136393,2
136777,5
137483,1
137491,2
138209,9
138433,1
138511,1
138577,11
138577,5
138863,3
138977,2
139133,3
139423,4
139801,3
139813,6
139969,3
139987,6
140419,2
141101,2
141871,8
142057,10
142699,6
142939,2
142963,1
142973,3
143137,0
143239,1
143483,2
143569,4
144031,4
144161,3
144163,2
144169,1
144223,1
144349,4
144439,5
144497,5
144829,1
144973,2
145433,2
145487,3
145511,2
146681,1
147031,3
147617,1
147739,2
148457,4
148549,3
148763,1
148859,4
149033,7
149837,8
149993,0
150427,10
150881,4
150881,5
151007,1
151631,3
152533,8
152897,8
153379,3
153499,1
153563,2
154213,7
154291,6
155203,6
155443,1
155887,1
156577,7
157273,4
157637,0
159437,4
159499,2
160009,6
160579,1
161093,3
162419,7
162493,7
162713,3
162713,4
162829,4
163417,5
163661,6
163883,0
165449,4
165811,1
166043,2
167429,6
167729,4
167771,5
167861,0
167863,1
168347,2
168491,2
168541,5
169067,2
169943,1
169943,2
170167,3
170689,5
171167,4
171671,3
171823,2
174169,7
174637,2
176089,7
177887,0
178403,4
179327,2
179327,8
179603,5
179719,1
179989,0
180497,3
180751,2
181927,6
182839,4
182921,1
183263,4
183497,1
183871,7
184279,3
185221,5
185813,4
185923,10
186191,3
186343,2
186761,10
187559,10
188021,5
188303,0
188417,2
188491,11
189187,5
189479,3
189733,2
190249,6
190271,4
191021,5
191033,1
191137,2
191237,2
191803,3
191803,3
191999,5
192631,3
192767,8
193009,8
193073,2
193243,3
193283,5
193447,1
193463,5
193859,3
194263,6
194263,10
194989,4
195971,1
195977,4
196739,8
197297,10
198761,3
198761,4
198817,3
199877,1
200483,6
201073,6
202717,1
202973,11
203117,3
203323,2
203431,3
203449,3
203549,3
204161,1
205223,1
205553,3
205657,7
206197,2
206383,2
206407,2
206483,6
207013,8
207629,0
207721,5
207869,2
207923,7
208367,7
208387,5
209147,5
209233,3
209317,3
209597,8
210101,10
210277,1
211493,4
211493,2
211543,5
211741,2
211859,2
211927,2
212203,4
213391,6
213791,9
213919,7
213943,11
214063,1
214943,5
215153,2
215197,12
215497,1
215863,3
215939,2
217933,5
218003,4
218111,3
218227,8
218723,2
218947,2
220351,2
221549,2
221677,4
222289,3
222601,5
223277,9
224401,7
224863,4
226843,1
227299,4
227501,8
227719,4
228829,2
228829,1
229591,4
230017,4
230257,2
231631,4
231919,1
231961,3
232007,4
233083,2
233689,3
235007,8
235091,1
235591,3
236407,12
236749,6
236813,4
237683,2
238037,2
238727,6
238883,1
238919,5
238991,3
239423,1
239557,2
240421,2
241051,0
241141,8
241169,12
241259,4
241313,1
242083,5
244217,10
244393,2
244429,2
245071,2
245981,6
246689,1
247259,4
247301,5
248189,2
248231,5
248291,3
248621,3
248701,2
248827,1
249541,3
249863,5
250267,8
251197,6
251857,5
251947,7
252887,10
254147,4
254161,1
255173,5
255197,5
256579,4
257107,11
257437,14
257519,10
258607,3
259163,4
259841,1
259867,2
260089,8
261601,4
262111,5
263009,3
263023,9
263167,7
263597,12
263611,3
264139,3
264353,6
264743,1
265541,5
265819,2
266159,4
266549,5
266971,2
269189,4
270143,2
270323,4
270509,9
270659,3
270961,2
271273,4
272029,4
272603,3
272971,10
273059,2
273359,3
274147,4
274223,10
274451,4
274529,1
275207,3
275881,0
275981,6
276817,3
276977,1
277687,2
277757,13
278219,2
278329,4
278911,3
280187,3
280699,8
281033,2
281053,2
281783,6
282097,3
282221,4
282389,13
282707,6
282797,4
283807,14
284467,5
285161,7
287347,5
287669,3
287849,8
287857,9
288389,3
289129,5
290701,4
290767,2
291377,7
291817,4
292973,0
293311,1
293459,5
294919,5
297161,12
297581,5
297607,3
297659,5
297757,5
299711,4
300229,5
300511,1
300757,8
301381,10
301657,6
301877,3
301949,4
302171,3
302279,8
302551,4
303073,7
303271,5
303473,9
303649,4
303871,2
304009,4
304153,1
304517,8
306347,6
306781,3
307009,3
307067,6
307091,3
307589,1
307823,2
309437,5
309457,13
309931,3
309931,3
311329,4
311539,3
311713,9
311791,3
312371,2
312737,2
312779,2
312941,9
313669,0
314879,4
314933,6
315851,5
316193,8
317599,3
317969,12
318289,4
318431,2
318503,4
319069,6
319691,4
319699,6
319883,5
320291,2
321569,6
322261,5
323087,5
323123,7
323131,1
323699,5
324143,15
325673,6
326219,3
327337,6
327797,5
328379,3
329269,9
330053,2
330241,5
330433,16
330611,2
332561,6
332933,10
333071,4
333449,7
334157,5
334297,3
334541,5
334651,1
335123,3
336761,5
336793,5
338297,6
338347,9
338609,3
338959,3
340619,8
340633,1
340687,2
342337,14
343481,1
344957,4
345413,5
345689,8
348239,2
349933,7
350621,2
351041,9
351097,4
352739,6
354121,15
354997,16
355549,9
356129,6
356549,9
356831,5
357563,4
358297,7
359003,12
359069,10
359137,10
359167,5
359327,6
360649,6
360653,3
361241,7
362281,10
362419,7
362863,4
362977,3
363067,5
363977,25
364271,14
364921,6
364979,5
365929,2
366277,5
366343,7
366463,11
366727,12
366973,7
367739,6
367853,4
368287,4
369013,10
369557,5
370193,17
370679,5
370813,2
371549,2
372451,4
372613,6
372973,4
375631,8
376501,3
376573,5
379459,3
379499,2
381523,4
381559,4
382037,3
382621,5
384641,4
385739,4
386129,1
386549,7
387187,6
387187,6
387791,4
389867,3
390289,8
390437,6
391403,3
391661,14
392261,2
393721,4
394523,13
394727,2
394739,3
395039,4
395147,8
395953,20
398011,38
398311,10
398353,3
398681,18
399241,2
399941,5
400123,4
401477,8
403301,6
403549,1
403721,6
404381,3
405323,8
405473,5
405473,6
405719,10
405869,5
406339,6
407023,4
408137,19
408211,6
408497,17
409027,6
409033,15
409291,6
410623,2
411311,4
411583,12
411679,2
414203,4
415159,5
415517,3
415697,5
416359,7
416459,7
416833,6
417089,4
417227,2
417727,5
419189,1
419191,4
419873,5
420569,5
420757,10
420769,5
421711,3
422707,4
423347,12
423509,5
423581,6
424397,3
424819,6
426061,6
426091,2
427751,6
428833,4
429643,11
430513,4
430553,6
431429,4
431707,5
432161,4
432511,14
433429,7
433639,22
434761,10
435343,13
435817,6
437201,6
437539,1
439339,2
439787,2
441319,6
442367,4
442699,10
442777,12
442987,15
444349,22
444401,2
444929,11
445141,5
445463,2
445541,16
445853,6
447757,16
447983,2
448727,9
448807,8
449173,5
450223,5
450413,4
450431,4
450503,4
451939,8
453073,4
453451,7
454063,4
454219,0
454453,9
454799,3
455431,9
455489,3
455827,5
456451,3
456581,3
457363,4
457643,3
457943,8
461093,9
461093,5
461233,6
461653,9
462571,4
464173,8
465119,3
466273,9
466751,1
468277,3
468661,6
468973,9
469193,17
469219,6
473191,10
473723,6
474077,6
474311,3
476027,5
476039,16
476243,6
477821,3
477821,7
478087,5
478129,2
478493,6
478579,6
481003,20
481721,8
482873,5
483017,6
483347,9
484763,6
485371,9
486043,3
486091,3
486203,4
486817,17
487463,11
487561,23
487681,3
488021,9
488231,8
488231,6
488321,6
488407,7
488473,9
488639,7
489239,19
489407,7
489653,8
490019,11
490033,4
492257,17
492551,3
493147,4
493169,6
493201,5
493351,7
493643,8
495587,6
495953,7
496289,4
498779,20
499039,6
499267,3
499943,6
500029,4
500111,5
500113,12
500197,11
501953,23
502517,9
503317,1
504821,10
505097,4
506131,8
507361,1
507431,8
507697,4
508841,5
508909,7
509147,7
509149,9
509767,4
510073,13
510677,2
511573,8
512059,11
513041,9
513257,8
517211,3
517711,9
517991,5
518533,4
519283,15
519577,7
519581,3
520309,3
520699,5
521693,14
522127,7
522881,14
524591,24
526249,7
527209,6
528329,3
528527,8
528667,12
529103,8
529687,17
529811,7
530087,10
530143,10
531121,5
532619,3
532733,5
533297,6
533693,4
533809,14
534043,3
534511,4
536687,5
537071,4
537241,37
537379,7
537547,4
537877,2
538763,3
539261,3
540389,2
540689,7
541391,12
541507,3
541999,14
542149,6
542207,6
543097,5
544031,9
545213,17
545329,18
546509,4
546631,11
547999,5
549011,10
549149,18
550811,3
550811,5
551207,8
551321,4
551689,9
552491,5
554087,9
555029,5
555593,11
556583,6
558121,5
558499,11
559049,5
559841,6
560171,10
561347,6
562841,5
562963,7
563663,5
563821,13
564059,11
564671,10
564997,5
565189,5
566077,6
567877,5
568027,14
568853,6
569659,5
570671,9
571853,7
572387,12
572549,6
573179,7
573487,6
573829,3
574099,6
574169,9
574181,6
576421,4
577111,3
577637,3
577901,2
578063,7
578407,2
578777,2
579251,5
579763,10
579869,5
579983,4
580163,7
580339,3
580891,8
580969,5
581197,4
582137,7
582983,2
585073,21
585163,10
586897,14
587173,7
587287,3
587659,4
588229,16
588767,6
590641,9
591893,17
592121,6
592639,6
593539,12
594917,5
595451,10
595957,16
596423,7
596579,5
597833,4
598457,8
600217,9
600403,3
601031,5
601207,2
602267,8
602333,4
602477,3
604613,14
604649,9
605597,8
607097,5
607127,4
607309,2
608299,14
608899,8
608977,5
612067,6
613099,26
614093,10
614437,6
615137,26
615187,6
616843,18
617153,10
617401,6
618311,8
618559,6
618799,10
619159,13
620159,5
620999,5
621317,9
622177,12
622619,8
625697,11
626207,14
627673,5
628051,9
628171,6
628207,5
629653,10
629803,9
630127,24
630473,8
630689,16
632089,6
632591,7
633599,3
634421,10
635317,7
635711,5
637627,10
639151,4
639211,7
642683,7
642899,5
643403,9
643849,11
644863,5
648859,4
649739,5
649813,6
650479,6
651103,11
651361,9
651841,5
652019,5
652607,12
652787,2
653243,12
654047,4
657403,7
658403,8
658919,3
658943,29
659333,4
660661,8
662369,6
663437,12
664579,8
665549,6
667531,11
667727,5
667991,8
668051,10
668609,10
668719,5
669029,9
669241,8
670363,7
672593,11
673121,5
673837,9
674533,7
674813,7
675817,3
676987,7
678253,5
678577,45
678739,17
678971,9
679793,3
680681,20
681151,6
681727,3
682373,10
685747,7
686027,9
686087,8
687151,10
687437,13
688249,5
689411,6
691189,5
692281,6
692309,8
692591,6
692771,10
693493,9
693527,10
696257,12
696889,10
698729,9
698983,8
700241,11
700537,4
700789,4
701731,10
702517,17
702743,9
704929,11
704989,7
705197,8
706801,7
706913,10
707011,6
707197,16
708593,11
708913,14
714139,6
715417,6
716459,9
716819,7
717011,10
717719,6
721219,3
721621,13
722027,5
722669,10
722797,8
724573,11
724639,7
725359,9
726659,13
727673,10
727807,10
728699,7
730999,3
731233,8
733169,8
733793,29
733949,7
734347,13
735461,5
735829,8
736691,10
740651,3
741137,5
742243,23
743131,4
743671,2
743947,10
745601,14
746203,9
746671,8
747563,5
747619,14
750223,3
751411,7
751909,12
752299,5
753197,11
753617,13
753719,6
754057,10
754211,5
754861,7
755137,6
755173,4
755329,7
755593,14
756097,9
756727,9
758203,11
759047,7
759599,17
761597,7
763921,15
764149,4
764587,9
764789,12
765199,9
765313,8
766387,6
766939,24
767317,9
767549,10
770929,12
771623,10
771629,4
773063,7
773989,7
774083,2
775661,9
776983,6
777683,25
778307,21
778733,4
778963,10
779599,11
779939,17
780047,12
780257,4
780679,21
782267,4
783007,9
783143,3
783487,8
784087,15
784457,6
785119,5
786587,12
787217,8
788549,14
788863,4
789077,12
791933,8
794509,7
794659,7
795827,4
795913,26
796259,8
796447,4
796517,6
797911,12
798773,20
800773,4
801337,8
801419,7
801503,7
802969,11
803207,8
804113,13
804743,8
805249,11
806027,25
806543,19
806657,27
807181,17
809521,30
809981,10
811379,4
811627,3
812387,8
817319,7
817483,5
818017,10
819761,11
822049,8
822317,3
824773,10
825337,17
825637,8
826571,6
829123,3
829987,4
830567,6
830617,7
831163,10
831529,10
831829,14
832679,21
832763,7
833101,6
833999,12
834469,5
835207,4
836881,31
837509,9
838367,14
838459,3
839437,10
840967,4
841021,12
841157,14
841307,17
842813,8
844631,6
845309,8
845363,13
845623,24
847037,8
848803,11
849223,25
849833,3
850303,3
850979,10
851363,4
852569,18
852833,12
852913,10
853597,13
853933,28
854033,19
855229,22
856153,4
857069,6
857167,4
857221,9
857407,11
859513,6
860383,7
860399,12
860647,7
860939,5
861613,3
861877,9
862123,8
862187,15
862319,4
862417,18
864629,7
868423,11
869887,9
870853,15
873091,8
873403,6
874267,8
875663,16
878359,9
878873,11
879227,8
879539,24
880699,4
883237,6
883279,13
883621,14
885611,7
886433,12
887093,10
887693,13
888179,5
888781,7
888887,5
889439,16
890083,15
891763,7
892103,23
893041,6
895039,14
895901,9
896003,4
896191,2
896947,34
897263,13
898147,8
898243,13
899687,6
899917,11
900539,7
900763,11
900817,8
900931,7
901141,6
903073,8
903761,6
904027,20
904781,12
904879,15
905143,8
905477,6
906229,16
906391,8
906391,4
907391,5
907759,12
907997,8
909317,11
909379,4
910627,8
911161,8
912521,14
912797,7
912959,7
913259,9
914161,13
916187,8
920021,7
923509,7
923701,55
923869,13
924617,37
924751,11
926587,11
927863,12
928099,22
928607,7
930011,7
930187,29
930619,7
934079,18
936053,30
937009,6
937721,6
938117,18
938351,8
939061,8
940067,11
941221,6
941537,12
942247,9
943471,5
947927,10
949153,10
949439,10
949631,5
952423,7
952619,8
952619,14
955037,31
955993,8
957889,11
958669,10
961069,6
965233,29
966227,7
966313,17
966971,12
967333,20
968137,2
970201,8
971093,6
971483,16
971917,7
972163,12
972799,14
972869,10
972991,12
973331,9
974147,7
974167,24
974213,9
974261,11
974437,7
974473,30
974531,12
975553,8
975553,7
975731,4
976103,15
976411,8
977593,11
979093,26
979717,15
979757,15
980491,8
981697,11
981949,11
982573,7
983849,20
984149,8
984421,8
984541,24
984701,12
984749,7
987097,8
988571,11
989377,5
989641,14
990599,10
991223,4
992513,4
992539,20
992539,10
993647,25
993943,5
994549,12
994871,14
994927,17
995447,11
995801,9
997013,10
998281,7
999671,7
1000133,30
1000199,9
1000367,19
1001003,8
1005269,9
1005701,7
1005913,17
1006609,9
1006651,7
1006897,13
1010981,3
1011359,6
1015709,16
1019729,8
1020163,11
1020967,11
1023643,6
1024073,10
1024609,6
1026041,15
1026457,13
1026677,8
1027003,10
1027357,5
1027391,16
1028843,30
1029953,9
1033273,9
1033567,10
1034009,9
1034237,12
1034941,17
1035977,8
1036039,15
1036067,9
1037129,9
1037261,10
1038629,18
1040483,13
1040783,7
1042399,13
1042571,15
1044019,8
1044583,29
1049639,11
1050367,29
1051507,8
1052197,12
1054309,11
1054679,9
1057489,11
1057613,15
1058011,7
1059671,6
1061317,5
1062107,10
1064333,21
1064467,13
1064467,9
1065643,6
1066049,6
1066643,6
1068499,14
1068701,12
1071223,6
1071227,16
1072163,23
1073599,17
1074473,30
1075643,15
1076381,11
1077821,13
1077841,13
1079797,17
1080449,12
1081679,9
1083083,8
1083253,11
1084553,9
1086557,9
1086619,18
1086919,7
1087817,9
1087907,15
1091219,9
1091663,8
1092373,24
1092929,8
1094183,10
1094633,5
1094963,13
1095461,43
1095719,12
1095781,9
1096163,12
1097461,7
1098847,12
1099559,10
1100977,7
1101967,13
1102393,11
1102679,8
1103933,10
1104731,9
1105019,10
1105891,11
1105961,33
1106129,11
1106129,7
1106771,9
1108567,14
1108711,14
1108717,12
1110467,10
1111687,7
1112953,10
1113239,8
1113877,18
1113997,28
1115027,16
1115497,11
1118203,31
1118371,6
1119109,13
1119389,27
1119799,13
1119947,22
1120051,26
1120159,6
1121837,17
1123561,13
1123841,11
1124581,41
1125221,5
1125857,9
1127029,10
1127303,19
1127309,14
1127513,4
1127947,13
1129217,6
1131217,12
1131491,9
1132091,11
1132463,9
1133651,9
1133827,11
1133989,10
1134607,12
1135187,13
1135903,10
1136327,11
1137067,21
1138273,12
1139143,3
1139197,15
1144141,12
1145173,21
1145387,7
1145497,5
1145611,9
1146779,10
1146953,10
1147193,15
1147379,15
1148039,14
1148933,9
1149601,16
1150217,10
1150769,9
1150879,3
1151317,10
1152791,11
1153639,18
1154579,22
1154633,17
1155899,31
1155971,8
1158301,11
1159063,14
1159243,13
1160569,8
1160581,11
1161439,14
1161767,12
1161883,9
1162129,18
1163069,11
1165831,6
1167799,10
1168477,4
1168693,34
1170023,7
1171073,9
1171073,16
1171123,7
1172929,10
1173749,14
1174361,11
1175353,7
1176647,14
1177019,18
1178699,13
1180009,6
1180247,5
1181183,28
1184357,16
1184749,9
1185721,8
1186621,11
1187287,16
1189057,10
1189483,12
1190467,13
1193783,4
1193783,12
1194821,7
1196267,14
1196267,14
1198073,22
1198189,7
1199351,15
1199423,10
1200061,14
1202471,30
1203607,12
1203731,9
1203949,18
1208237,10
1210883,6
1211207,21
1213379,3
1213837,17
1213873,8
1214431,9
1214641,11
1215629,9
1216997,7
1218731,14
1220591,5
1220833,9
1221029,32
1222471,19
1222717,9
1224389,10
1228937,10
1230311,10
1230461,7
1230967,15
1232603,18
1233047,16
1233887,6
1235027,13
1235149,12
1235309,11
1235501,15
1236533,13
1237433,13
1238023,11
1238533,13
1239943,26
1244029,43
1244053,36
1245281,20
1247167,8
1247327,11
1247591,12
1248041,6
1248103,9
1249319,9
1249321,8
1249321,11
1249519,29
1249727,20
1251697,33
1252903,10
1253137,10
1253783,10
1253783,9
1254469,11
1254907,13
1254983,30
1255391,9
1255747,9
1258267,4
1258723,33
1258937,12
1259743,12
1260989,15
1261069,6
1261801,10
1262147,8
1262929,11
1263133,39
1263377,13
1264037,14
1265921,14
1266091,6
1266743,11
1266899,9
1267199,19
1267349,6
1267789,8
1269733,15
1270897,24
1271069,12
1273087,12
1273301,12
1273673,18
1275583,17
1275737,13
1275851,16
1275899,15
1276183,7
1278373,17
1279853,10
1280761,10
1281523,26
1281563,19
1282343,6
1282807,8
1283417,13
1285847,7
1286107,12
1286881,9
1287133,8
1288709,5
1290533,40
1291249,15
1292009,11
1293361,13
1296187,14
1296409,15
1296413,9
1296839,14
1297103,5
1299323,35
1299499,13
1302179,9
1303189,15
1303223,34
1304783,18
1306751,13
1307519,7
1308331,12
1308523,22
1308707,14
1308977,63
1310383,38
1311773,11
1313699,12
1314127,10
1314163,11
1316527,18
1317067,11
1317259,5
1317787,9
1319687,7
1320727,15
1321169,17
1323169,9
1323733,14
1324577,16
1325707,22
1326859,9
1327619,7
1328563,8
1330061,13
1334969,16
1336021,3
1336949,12
1336963,8
1339357,8
1339643,9
1340363,15
1340653,8
1341257,14
1343911,6
1345177,13
1346593,45
1346753,13
1347919,19
1348889,13
1348987,16
1349891,6
1351243,39
1351837,12
1351967,12
1352761,16
1352773,9
1352779,22
1353487,5
1353551,16
1353827,13
1354207,27
1354321,15
1355353,15
1358033,10
1358353,18
1358983,7
1360253,25
1361053,34
1361831,17
1362401,9
1362461,7
1364017,10
1364141,19
1365869,38
1366187,12
1369373,8
1371031,10
1371137,6
1371259,10
1372081,5
1372673,8
1372991,13
1374019,25
1375457,19
1379447,13
1381229,24
1381273,12
1381273,11
1381643,10
1386193,8
1386479,18
1387417,45
1387801,35
1388743,9
1389469,18
1389919,15
1389943,10
1390369,9
1390409,23
1391261,14
1392557,10
1393981,19
1394683,16
1397999,12
1398707,19
1399033,9
1399427,8
1399837,13
1400449,14
1401263,5
1401349,21
1402003,14
1402763,23
1403287,7
1403869,11
1403971,33
1406959,15
1407019,9
1408177,7
1409579,29
1409833,8
1412603,18
1413211,41
1416551,19
1417873,10
1419371,38
1421867,31
1423259,6
1423921,8
1425881,10
1426127,13
1429601,11
1429777,20
1431263,21
1431809,9
1432469,10
1432799,13
1433017,6
1434691,13
1435477,9
1436849,9
1438279,15
1438279,14
1438303,8
1439527,14
1440499,8
1441031,10
1441673,31
1441757,10
1443059,9
1443817,16
1445657,11
1445723,14
1446083,22
1447123,8
1448081,5
1448767,6
1448779,9
1448819,11
1449949,6
1452527,13
1452559,5
1454573,13
1454897,10
1455043,12
1455367,17
1455767,8
1457501,13
1458817,8
1459069,17
1459691,10
1460027,16
1460729,11
1461877,15
1462189,47
1462939,7
1465171,6
1466783,49
1467157,12
1467329,11
1467989,11
1468457,17
1468729,9
1469141,10
1471031,12
1471433,11
1472929,10
1472953,14
1474177,59
1476551,13
1476983,14
1477409,12
1478357,20
1478809,14
1480261,6
1481693,12
1483331,12
1484009,12
1484233,18
1485413,10
1486343,9
1488043,14
1489399,13
1491103,6
1491547,10
1491821,16
1492087,29
1492261,36
1493027,11
1493927,14
1494421,22
1494719,6
1495321,10
1496723,8
1496791,11
1498073,16
1502101,10
1503127,9
1503371,14
1504579,11
1505489,18
1505711,13
1507453,24
1509587,3
1509913,5
1510991,25
1513601,18
1515053,15
1517027,13
1518329,8
1521571,17
1521671,11
1522511,23
1523917,12
1526377,25
1526873,44
1527949,15
1529009,7
1531769,6
1532917,8
1534591,8
1535563,24
1538617,18
1539227,38
1540543,17
1541821,39
1542187,12
1542511,9
1543489,11
1543513,8
1543513,13
1545847,15
1546117,12
1548059,9
1548073,26
1548277,11
1549409,7
1549549,16
1551343,10
1551911,13
1552087,45
1552121,38
1556509,18
1556573,7
1558223,47
1559891,14
1560569,15
1563503,18
1564993,8
1566427,38
1566659,22
1566821,12
1567931,11
1570937,16
1571461,14
1571893,16
1573553,15
1574107,10
1574219,19
1574623,10
1577201,10
1577201,12
1577357,15
1577591,10
1578221,8
1578389,14
1578631,15
1580687,20
1583321,12
1584139,11
1584371,20
1584607,51
1586257,14
1587923,37
1588661,40
1589513,27
1589677,36
1590383,13
1590521,10
1590643,8
1591873,32
1592939,46
1593947,8
1595731,26
1598053,23
1600531,20
1600909,20
1601843,12
1602823,13
1603331,10
1605697,13
1607659,27
1609043,10
1611161,9
1611689,10
1612249,22
1612913,42
1613707,49
1614311,8
1614317,6
1614331,10
1616677,7
1618091,12
1619671,12
1619699,41
1619759,18
1622143,26
1622827,21
1623437,16
1623451,14
1625707,13
1626197,17
1626211,17
1626701,18
1626763,12
1627693,20
1629581,11
1631101,9
1632013,7
1632769,22
1633679,14
1635061,15
1635827,13
1636001,12
1637813,16
1638107,15
1638913,46
1638929,10
1639991,24
1640033,6
1642813,21
1643099,17
1643701,14
1644451,14
1645661,8
1646543,11
1649003,13
1655237,46
1656899,25
1657811,17
1658161,9
1658417,54
1658977,8
1659877,9
1660661,11
1660691,25
1661029,16
1663373,21
1666061,17
1667647,15
1667749,10
1668833,16
1669747,9
1669963,19
1670563,39
1671643,11
1672487,31
1674461,12
1675697,6
1676533,12
1677283,34
1678717,14
1679009,22
1679291,19
1679959,18
1679963,13
1680431,8
1680821,10
1681397,13
1681619,33
1687327,18
1688143,18
1690211,29
1691093,45
1692233,38
1693493,25
1694027,8
1695139,12
1699781,25
1700441,7
1702087,11
1703437,12
1704211,23
1708439,15
1711093,8
1711459,15
1715713,18
1715761,41
1716619,27
1716761,10
1716853,45
1719923,21
1721149,11
1721579,17
1723639,14
1724027,46
1724509,10
1724713,21
1724893,26
1725767,5
1725869,14
1726349,26
1727057,13
1727437,41
1729823,52
1730657,12
1731449,23
1732697,11
1734463,10
1734787,27
1734793,10
1735739,10
1735931,22
1737311,11
1738739,12
1738969,14
1739401,6
1740589,22
1742537,12
1744579,10
1746883,18
1747033,18
1747327,23
1747847,16
1750621,7
1752467,16
1753039,18
1756273,11
1756613,20
1756913,9
1757491,13
1759129,13
1759291,22
1760873,34
1761629,25
1762259,28
1763137,15
1763539,14
1764223,6
1767943,10
1770829,13
1772723,25
1774183,23
1775597,45
1776421,10
1776469,20
1776617,14
1776997,12
1777379,14
1778537,20
1779649,14
1779881,13
1780081,15
1781099,17
1784191,16
1784807,19
1787011,11
1787633,16
1788211,13
1788623,20
1789219,16
1789783,7
1790599,7
1791121,12
1792559,17
1794269,17
1794269,12
1797097,44
1797769,13
1798619,6
1798739,22
1798813,22
1799279,19
1800157,17
1800167,40
1800343,17
1802081,10
1803317,12
1805263,14
1805729,14
1805963,11
1806383,21
1806977,41
1807963,35
1808887,23
1809331,17
1812851,13
1813639,13
1815103,17
1815523,15
1819393,7
1820419,10
1821433,14
1824827,16
1825357,8
1828591,16
1828601,9
1829011,14
1831747,12
1834117,18
1835363,17
1835363,34
1836451,13
1837249,15
1837657,12
1839947,16
1840673,12
1843201,14
1844299,18
1844569,12
1846181,12
1846511,13
1847051,10
1847423,13
1848103,10
1848863,15
1848929,59
1850119,20
1851319,11
1852699,11
1854109,19
1854317,9
1854373,14
1854997,26
1855961,21
1856149,14
1856821,25
1857439,12
1857929,13
1859497,18
1860097,14
1861511,22
1863637,23
1864427,14
1865659,16
1866211,17
1866281,20
1868371,20
1869097,8
1869403,11
1870361,15
1870373,26
1871413,19
1873589,24
1873687,8
1874797,21
1875793,20
1877723,13
1879807,24
1880257,9
1880267,16
1883699,17
1883773,11
1884517,23
1885259,14
1885847,8
1886051,28
1886231,16
1887133,14
1887211,13
1890103,9
1890283,11
1891627,25
1893181,17
1894691,8
1896577,54
1897361,18
1899661,18
1900831,21
1901177,9
1901519,14
1902029,17
1902539,48
1906271,11
1907593,15
1907593,22
1911347,26
1912831,14
1913047,11
1916333,29
1917301,15
1918237,14
1923059,28
1923107,15
1925383,48
1926161,24
1929467,6
1930307,15
1930391,5
1931381,12
1932181,17
1933181,12
1934393,11
1934663,12
1937233,47
1938113,17
1940219,15
1941557,40
1942033,17
1942939,15
1945561,10
1946033,31
1946171,20
1948759,14
1950107,22
1950623,18
1950941,17
1952221,21
1954217,11
1956011,21
1956341,32
1961957,14
1962139,12
1962283,55
1967479,30
1968773,19
1970209,15
1976197,18
1977223,19
1977403,16
1980899,11
1982269,11
1983889,12
1984901,19
1986949,16
1990243,19
1991911,21
1993829,21
1995289,18
1996697,8
1997773,37
1999867,10