12619,54
13537,48
13789,52
14011,56
14029,36
14923,53
14947,43
15733,34
16369,42
16883,44
17159,38
17791,46
19289,43
19973,43
20129,40
22613,31
24373,36
25603,57
27739,41
28219,42
28477,34
28559,43
28621,38
31159,42
33403,36
34841,39
35731,45
37087,36
40819,41
42611,41
43717,31
45317,33
46147,43
46591,43
49367,32
52541,42
52859,41
54151,44
55337,37
55547,51
56417,38
59471,48
61363,53
61667,60
61979,56
62297,48
66553,51
70979,44
70979,64
71789,60
77417,60
79481,59
82729,54
83203,77
85829,51
87013,58
87013,53
88589,88
89417,68
90173,60
90787,72
91801,62
97423,84
107699,78
110491,84
111103,76
111103,80
111271,77
111611,88
112939,84
113357,81
113383,73
115471,77
116341,82
117223,82
124771,90
125131,106
125743,87
126631,88
127321,82
128591,62
130469,90
131441,89
131627,97
136481,89
137957,70
140813,132
142573,89
145477,94
150979,104
156241,106
159319,125
160169,145
160877,128
162419,109
163819,87
165703,86
167191,115
169777,99
171163,134
171803,98
175499,104
176401,88
177763,101
185849,117
187009,117
189983,105
192013,103
194413,107
195043,131
197003,121
197759,141
199669,103
201701,183
212203,133
216451,148
220709,139
222199,146
226907,135
228737,122
241013,142
267131,198
267523,182
268253,118
268747,171
277427,180
292973,155
293149,197
294149,185
295873,204
295937,161
299771,169
300239,165
302711,161
303907,147
303917,196
305663,150
307423,181
318103,181
322327,186
330103,151
330787,200
343073,172
349207,199
353819,173
356731,194
361363,216
367243,210
367853,237
368597,195
371927,178
372653,224
391159,191
391399,233
395677,201
395719,208
396299,233
404513,194
422627,234
426077,232
429469,231
432139,243
435247,215
440939,219
445427,203
445447,248
450643,206
455227,295
459467,243
469649,225
481409,277
483061,380
484111,260
526531,304
527819,353
533543,220
534659,249
538267,242
553591,239
556559,266
556943,267
564797,285
567673,238
570001,268
582469,441
584677,327
592387,301
592903,281
595277,302
597307,347
599321,277
600881,275
644107,337
644549,329
657313,316
660559,288
668347,343
671123,348
702131,305
709963,346
713599,332
717331,378
719483,361
721117,334
724267,361
741679,334
758963,357
762409,523
781021,317
785269,323
790351,363
792581,406
795253,342
803731,462
805463,327
807923,414
808637,327
811763,402
818101,333
831731,349
832919,424
834629,370
840767,351
851957,411
856699,409
863711,380
870731,350
874637,466
878413,396
905299,417
910307,382
910771,460
917363,385
919859,418
923051,523
925987,398
927557,450
931267,552
950501,488
952487,411
965089,500
984667,465
1002173,478
1044457,492
1060739,418
1067009,504
1075147,501
1084493,528
1088993,494
1092307,427
1096363,422
1112611,479
1120237,629
1126421,456
1130299,446
1133651,497
1134649,452
1135853,463
1150769,455
1151203,603
1160611,525
1173163,631
1193363,474
1194959,467
1207603,586
1212103,492
1212569,500
1215679,485
1224029,498
1224851,547
1230371,628
1232291,645
1243169,504
1243819,540
1246703,512
1250929,503
1264819,554
1268233,519
1272883,445
1281383,496
1297129,509
1300931,587
1305247,545
1311643,608
1322179,582
1353089,547
1375211,616
1385743,647
1402477,666
1403981,621
1406701,532
1411831,570
1412947,620
1419029,543
1421437,891
1443053,749
1462037,569
1463899,685
1478207,566
1482289,657
1488167,563
1498577,702
1547431,625
1566529,610
1567987,730
1570519,696
1578853,684
1587959,740
1600691,624
1624169,651
1644437,776
1647473,650
1656043,733
1667051,677
1669489,578
1672963,637
1678639,614
1686449,612
1707611,708
1729523,815
1739827,746
1762931,724
1766663,753
1772737,698
1818293,674
1819709,779
1840087,673
1849643,735
1870879,726
1879729,774
1882561,841
1884053,842
1892833,817
1895563,926
1909837,732
1910971,820
1913269,801
1919383,749
1921267,814
1969273,742
1986043,843
1991489,757