12619,8
13537,0
13789,4
14011,6
14029,2
14923,3
14947,4
15733,1
16369,2
16883,2
17159,1
17791,4
19289,2
19973,4
20129,1
22613,2
24373,2
25603,1
27739,4
28219,1
28477,1
28559,3
28621,3
31159,2
33403,3
34841,5
35731,3
37087,4
40819,2
42611,3
43717,3
45317,5
46147,3
46591,0
49367,2
52541,2
52859,4
54151,0
55337,2
55547,4
56417,4
59471,1
61363,3
61667,7
61979,3
62297,5
66553,3
70979,5
70979,2
71789,1
77417,7
79481,4
82729,8
83203,6
85829,5
87013,4
87013,4
88589,4
89417,2
90173,1
90787,7
91801,2
97423,5
107699,3
110491,6
111103,6
111103,6
111271,6
111611,10
112939,7
113357,4
113383,4
115471,2
116341,9
117223,5
124771,6
125131,6
125743,3
126631,6
127321,3
128591,5
130469,5
131441,4
131627,5
136481,4
137957,4
140813,12
142573,3
145477,4
150979,5
156241,4
159319,8
160169,11
160877,9
162419,5
163819,4
165703,4
167191,7
169777,7
171163,10
171803,6
175499,9
176401,3
177763,4
185849,4
187009,3
189983,8
192013,6
194413,4
195043,7
197003,8
197759,6
199669,4
201701,17
212203,9
216451,8
220709,10
222199,6
226907,8
228737,11
241013,3
267131,20
267523,4
268253,4
268747,6
277427,15
292973,7
293149,14
294149,9
295873,10
295937,11
299771,8
300239,13
302711,6
303907,9
303917,4
305663,3
307423,11
318103,7
322327,13
330103,11
330787,4
343073,15
349207,7
353819,8
356731,14
361363,9
367243,9
367853,9
368597,6
371927,16
372653,10
391159,9
391399,10
395677,7
395719,10
396299,11
404513,9
422627,11
426077,9
429469,13
432139,7
435247,10
440939,4
445427,14
445447,10
450643,13
455227,17
459467,13
469649,6
481409,18
483061,31
484111,18
526531,25
527819,24
533543,11
534659,8
538267,11
553591,9
556559,14
556943,15
564797,12
567673,13
570001,10
582469,33
584677,17
592387,16
592903,12
595277,13
597307,13
599321,18
600881,11
644107,13
644549,19
657313,22
660559,12
668347,20
671123,17
702131,15
709963,21
713599,16
717331,16
719483,11
721117,10
724267,12
741679,16
758963,16
762409,44
781021,17
785269,22
790351,15
792581,21
795253,16
803731,21
805463,17
807923,19
808637,11
811763,13
818101,17
831731,19
832919,20
834629,25
840767,20
851957,18
856699,15
863711,19
870731,8
874637,21
878413,16
905299,27
910307,10
910771,11
917363,20
919859,18
923051,27
925987,22
927557,21
931267,33
950501,28
952487,11
965089,18
984667,18
1002173,18
1044457,24
1060739,23
1067009,18
1075147,27
1084493,20
1088993,24
1092307,14
1096363,25
1112611,17
1120237,44
1126421,18
1130299,21
1133651,24
1134649,21
1135853,14
1150769,23
1151203,36
1160611,31
1173163,40
1193363,22
1194959,22
1207603,23
1212103,16
1212569,21
1215679,26
1224029,21
1224851,23
1230371,44
1232291,33
1243169,24
1243819,32
1246703,16
1250929,20
1264819,26
1268233,18
1272883,24
1281383,18
1297129,27
1300931,22
1305247,22
1311643,30
1322179,22
1353089,26
1375211,38
1385743,31
1402477,29
1403981,26
1406701,24
1411831,23
1412947,24
1419029,16
1421437,84
1443053,47
1462037,34
1463899,34
1478207,30
1482289,29
1488167,27
1498577,34
1547431,21
1566529,24
1567987,26
1570519,38
1578853,31
1587959,26
1600691,22
1624169,15
1644437,54
1647473,21
1656043,19
1667051,35
1669489,22
1672963,24
1678639,26
1686449,16
1707611,27
1729523,62
1739827,37
1762931,27
1766663,26
1772737,23
1818293,36
1819709,36
1840087,33
1849643,28
1870879,27
1879729,39
1882561,29
1884053,38
1892833,50
1895563,50
1909837,43
1910971,25
1913269,43
1919383,35
1921267,24
1969273,31
1986043,42
1991489,32