10753,-1
11197,0
12569,-1
13121,0
14563,-1
14929,0
16033,-1
16411,1
16661,2
17477,3
17657,2
17923,1
19429,0
19819,-1
19949,0
20107,-1
22291,0
22921,-1
22943,-2
26713,-1
31039,0
35591,1
36857,2
39089,3
39761,2
40231,3
40241,2
41999,1
42209,0
44383,-1
47711,-2
49747,-3
58789,-4
59611,-5
60209,-4
60859,-5
63443,-4
64373,-5
64927,-4
65867,-3
70843,-2
72431,-3
80107,-2
85121,-3
86813,-4
89209,-5
90407,-6
91639,-5
99817,-6
100811,-7
110923,-8
113153,-9
119359,-8
123401,-7
126229,-8
127261,-9
128987,-10
133117,-11
141023,-12
144289,-11
148691,-12
164089,-11
165713,-12
167039,-13
169667,-14
175757,-13
180539,-14
190657,-13
195737,-14
197971,-13
203969,-12
218371,-11
223051,-10
223429,-9
224057,-8
225077,-7
226123,-8
235211,-7
255877,-6
265739,-7
266047,-8
268759,-9
270463,-8
277793,-9
286613,-10
290443,-9
297811,-10
314339,-9
319489,-10
325891,-9
336551,-10
337453,-11
361769,-12
367699,-11
377599,-12
384143,-13
386963,-12
387913,-11
391397,-10
396547,-11
412213,-10
429397,-11
429431,-12
463249,-13
463963,-14
491213,-15
509549,-16
515941,-17
539897,-16
542921,-15
574081,-14
576683,-15
581657,-16
603283,-15
607819,-16
614659,-15
626323,-16
633613,-15
639547,-14
649123,-13
688403,-12
695447,-13
699289,-14
707801,-13
738071,-12
763067,-13
778963,-12
786271,-13
811193,-12
827041,-13
827803,-14
876193,-15
879817,-14
889327,-13
915683,-14
935707,-15
937033,-14
955883,-13
988157,-12
989423,-13
992393,-14
1021373,-13
1026563,-12
1036493,-13
1043767,-12
1048309,-11
1090883,-10
1110931,-11
1120969,-12
1184537,-11
1210817,-12
1217663,-11
1221239,-12
1245449,-11
1256891,-12
1259701,-13
1280821,-12
1290539,-13
1455403,-12
1478063,-13
1491761,-12
1518977,-13
1558891,-12
1637617,-11
1660667,-12
1665919,-11
1667899,-10
1729813,-9
1800499,-8
1842289,-9
1849829,-10
1856201,-9
1865551,-8
1929943,-7
1972423,-6
1972651,-7