10103,1
10267,2
10273,3
10313,4
10337,5
10463,6
10499,7
10513,6
10559,6
10723,5
10739,6
10891,5
11027,4
11057,5
11393,6
11549,5
11701,5
11867,6
12101,5
12211,4
12281,5
12527,6
12539,7
12541,8
12619,7
12703,6
12713,6
12799,7
12893,6
13127,7
13291,6
13537,7
13723,6
13763,5
13789,6
13807,5
13907,4
14011,3
14029,4
14107,3
14149,2
14243,1
14321,0
14347,1
14401,2
14533,3
14557,2
14827,1
14923,0
14947,1
15031,2
15083,3
15121,2
15131,3
15137,4
15193,5
15233,5
15289,4
15313,2
15361,1
15413,2
15643,3
15733,1
15737,2
15791,1
15809,2
15919,3
15937,2
16369,3
16883,2
16889,3
16963,2
17159,3
17209,2
17387,1
17467,0
17489,1
17509,0
17657,-1
17783,-2
17791,-3
17807,-1
17957,-2
17987,-1
18457,0
18637,1
18839,0
19289,-1
19457,0
19483,1
19543,0
19919,-1
19973,0
20101,1
20129,0
20233,-1
21433,-2
21517,-3
21529,-5
21569,-5
21589,-6
21611,-7
21673,-6
21683,-7
21737,-8
21817,-9
22013,-10
22133,-9
22153,-10
22277,-9
22441,-8
22481,-7
22573,-6
22613,-5
22643,-6
22717,-5
22787,-4
22907,-5
23021,-4
23057,-5
23081,-6
23399,-7
23473,-6
23719,-7
23827,-8
23977,-7
24077,-8
24373,-9
24421,-10
24547,-11
24953,-10
25037,-9
25219,-10
25343,-9
25357,-10
25603,-8
25679,-9
25873,-10
25951,-11
26003,-13
26041,-12
26153,-12
26261,-11
26387,-12
26501,-13
26591,-13
26759,-12
26891,-13
27277,-14
27329,-13
27739,-14
27779,-13
27823,-14
27883,-15
28219,-14
28289,-16
28477,-15
28537,-14
28559,-15
28621,-16
28703,-15
28793,-15
29101,-16
29663,-15
29753,-16
30109,-17
30557,-16
30593,-17
30703,-18
30911,-19
31159,-20
31391,-19
31517,-18
31541,-17
32203,-18
32441,-19
32771,-20
32887,-21
32993,-22
33287,-23
33403,-22
33413,-23
33791,-24
33809,-23
33851,-24
34061,-25
34159,-26
34253,-25
34457,-24
34471,-23
34603,-24
34729,-25
34841,-26
35023,-25
35059,-27
35537,-28
35731,-29
35977,-30
36277,-31
36497,-30
36563,-29
36643,-30
36821,-31
36857,-32
36887,-33
37087,-32
37361,-33
37511,-34
37831,-35
37993,-34
38201,-33
38219,-34
38321,-33
38629,-32
38791,-31
38873,-32
39119,-33
39341,-34
39569,-35
39799,-36
40087,-37
40151,-38
40177,-37
40819,-36
40903,-37
40927,-36
40961,-35
41257,-34
41381,-33
41801,-32
41851,-31
41897,-30
42017,-29
42157,-30
42379,-29
42397,-28
42407,-29
42473,-28
42611,-29
42719,-30
42899,-31
43451,-30
43573,-31
43717,-32
43801,-33
43951,-34
44453,-32
44497,-31
44939,-32
45083,-33
45307,-34
45317,-35
45361,-34
45439,-35
45523,-34
45589,-35
45821,-33
46021,-34
46147,-33
46591,-34
46601,-35
46933,-34
47387,-33
47507,-32
47623,-31
47917,-32
48247,-33
49033,-34
49367,-33
49409,-32
49481,-33
49523,-32
49831,-33
49877,-34
50321,-35
50359,-34
50423,-33
50497,-32
50867,-31
50893,-32
51133,-31
51431,-30
51473,-29
51803,-30
51817,-31
51871,-33
51913,-32
51929,-31
52127,-32
52291,-31
52313,-30
52541,-31
52697,-32
52769,-31
52817,-32
52859,-31
53527,-32
53653,-31
53719,-30
53891,-29
53923,-30
53987,-29
54151,-30
54787,-31
55337,-30
55547,-29
55621,-30
55763,-29
55793,-30
55949,-29
56171,-30
56417,-31
56633,-32
56983,-33
57193,-32
57283,-33
57737,-34
57791,-35
57793,-35
57899,-34
58049,-33
58129,-32
58217,-33
58231,-32
58309,-31
58909,-32
59471,-33
60427,-35
60611,-36
61211,-37
61357,-36
61363,-37
61487,-36
61667,-35
61979,-34
62297,-34
62347,-33
63199,-34
63247,-35
63409,-34
63611,-33
63737,-34
63781,-33
64037,-32
64399,-31
64453,-32
64483,-31
65003,-29
65089,-28
66041,-27
66071,-26
66239,-27
66361,-28
66553,-29
66791,-30
66841,-31
67021,-30
67429,-29
67733,-28
68147,-27
68521,-26
68767,-25
68891,-24
69493,-25
69697,-24
69737,-23
69809,-22
69997,-23
70019,-24
70313,-25
70717,-26
70979,-24
71593,-25
71633,-26
71719,-25
71789,-26
71849,-25
72101,-26
72169,-27
72223,-28
72287,-27
72931,-28
73597,-29
73771,-30
73849,-31
74021,-32
74161,-31
74561,-32
74779,-31
75269,-32
75653,-31
76031,-30
76079,-29
76367,-28
76441,-29
76537,-30
77323,-31
77417,-32
77471,-31
77557,-30
77929,-29
77999,-28
78517,-29
78697,-30
79399,-31
79481,-30
79579,-31
79601,-30
80231,-29
80239,-30
80407,-30
81017,-31
81097,-30
81401,-29
82051,-28
82493,-26
82613,-27
82633,-26
82727,-27
82729,-28
82913,-27
82939,-28
83089,-27
83203,-28
83227,-27
83417,-26
84089,-27
84229,-28
84421,-29
84523,-28
84871,-27
85691,-28
85829,-28
86069,-29
86161,-30
86269,-31
86413,-30
87013,-32
87041,-31
87181,-30
87877,-31
88471,-32
88589,-33
88919,-32
89209,-33
89227,-34
89417,-33
89591,-32
89767,-31
89819,-32
90121,-33
90149,-34
90173,-33
90289,-32
90599,-33
90787,-34
90917,-33
90947,-32
91331,-33
91423,-34
91453,-35
91733,-34
91801,-33
92107,-32
92143,-33
92219,-34
92707,-33
93169,-34
93629,-33
93911,-34
94693,-33
94723,-32
94747,-33
95083,-34
95483,-33
95773,-34
95917,-35
96157,-36
96293,-35
97381,-36
97423,-37
97463,-38
98597,-39
98639,-38
98729,-39
99527,-40
99577,-39
99643,-40
99761,-41
99793,-42
99809,-41
100361,-42
101027,-43
101833,-44
101839,-45
102001,-46
102059,-45
102409,-44
102647,-45
103043,-46
103123,-45
103423,-44
104543,-45
104639,-46
104803,-45
104869,-44
105323,-43
105341,-42
105829,-43
106787,-44
107119,-43
107269,-44
107699,-43
108943,-42
109037,-43
109169,-42
109379,-43
109589,-42
109873,-41
110491,-42
111103,-39
111271,-38
111611,-39
111659,-38
111697,-37
112289,-38
112361,-39
112403,-40
112939,-39
113357,-40
113383,-41
113417,-42
113647,-41
113777,-40
114319,-41
114371,-42
115127,-41
115471,-42
115901,-43
116099,-42
116167,-41
116341,-40
117223,-39
117319,-40
117673,-39
118211,-40
118373,-39
118471,-40
119027,-41
119083,-42
119089,-43
119723,-44
119737,-43
119747,-44
120331,-43
120677,-44
120737,-43
120899,-44
121271,-43
121343,-43
122599,-44
122743,-45
122839,-46
123113,-47
123491,-46
123653,-47
123821,-48
123829,-47
124021,-48
124277,-49
124577,-48
124693,-49
124759,-48
124771,-49
124799,-50
124987,-49
125131,-48
125353,-47
125743,-48
126359,-47
126631,-48
126943,-47
127217,-46
127321,-44
127709,-45
128111,-46
128591,-47
129001,-46
129169,-47
129461,-49
130073,-50
130241,-49
130337,-48
130469,-47
131441,-46
131627,-46
131969,-45
133117,-46
133541,-47
134087,-46
134153,-45
134839,-44
135043,-43
135511,-42
136033,-43
136043,-44
136309,-43
136393,-44
136481,-43
136777,-42
137483,-41
137491,-42
137957,-41
138209,-40
138433,-41
138511,-40
138577,-38
138863,-37
138977,-38
139133,-37
139423,-36
139801,-35
139813,-36
139969,-37
139987,-38
140419,-39
140689,-41
140813,-42
141101,-41
141871,-42
142057,-43
142573,-44
142699,-43
142939,-44
142963,-43
142973,-42
143137,-43
143239,-44
143483,-45
143569,-44
144031,-43
144161,-42
144163,-41
144169,-40
144223,-39
144349,-38
144439,-39
144497,-40
144829,-39
144973,-40
145433,-41
145477,-40
145487,-41
145511,-40
146681,-41
147031,-42
147617,-43
147739,-44
148457,-45
148549,-46
148763,-45
148859,-46
149033,-45
149837,-46
149993,-47
150287,-48
150427,-49
150881,-47
150979,-46
151007,-47
151631,-48
152213,-49
152533,-48
152897,-47
153379,-48
153499,-49
153563,-50
154213,-49
154291,-48
154333,-49
155203,-50
155443,-49
155887,-48
156241,-47
156577,-48
157273,-47
157637,-48
159319,-49
159437,-50
159499,-51
160009,-52
160169,-53
160579,-52
160877,-51
161093,-52
162419,-50
162493,-49
162557,-50
162713,-48
162829,-49
163417,-48
163661,-49
163819,-48
163883,-49
165449,-50
165703,-51
165811,-50
166043,-51
167173,-50
167191,-51
167429,-50
167729,-51
167771,-50
167861,-51
167863,-52
168347,-53
168491,-54
168541,-55
169067,-56
169777,-55
169943,-56
170167,-57
170689,-56
171163,-57
171167,-58
171299,-57
171671,-58
171803,-59
171823,-60
174169,-59
174637,-60
175499,-59
176089,-60
176401,-59
177763,-60
177887,-59
178403,-58
179327,-57
179603,-56
179719,-55
179989,-54
180497,-53
180751,-54
181927,-55
182839,-56
182921,-57
183263,-56
183497,-57
183871,-56
184279,-57
185051,-56
185221,-57
185813,-58
185849,-57
185923,-56
186191,-55
186343,-56
186761,-55
187009,-54
187559,-53
188021,-52
188303,-53
188417,-52
188491,-51
189187,-52
189479,-53
189733,-54
189983,-53
190249,-54
190271,-55
191021,-56
191033,-57
191137,-58
191237,-57
191803,-58
191999,-59
192013,-60
192631,-59
192767,-58
193009,-57
193073,-56
193243,-55
193283,-56
193447,-57
193463,-56
193859,-57
194263,-57
194413,-58
194989,-59
195043,-60
195971,-59
195977,-58
196739,-59
197003,-58
197297,-59
197759,-60
198761,-60
198817,-61
199621,-60
199669,-61
199877,-62
200483,-63
201073,-62
201701,-61
202717,-60
202973,-59
203117,-58
203323,-59
203431,-58
203449,-57
203549,-56
204161,-55
205223,-54
205553,-53
205657,-54
206197,-55
206383,-56
206407,-57
206483,-56
207013,-57
207629,-56
207721,-57
207869,-56
207923,-55
208367,-56
208387,-55
209147,-54
209233,-53
209317,-52
209597,-51
210101,-50
210209,-49
210277,-48
211493,-46
211543,-45
211741,-44
211859,-45
211927,-44
212203,-42
213391,-43
213791,-42
213919,-41
213943,-42
214063,-41
214943,-42
215153,-43
215197,-44
215497,-43
215863,-44
215939,-45
216289,-46
216451,-47
217933,-48
218003,-47
218111,-48
218227,-47
218723,-46
218947,-45
220351,-44
220709,-45
221549,-46
221677,-47
222199,-46
222289,-45
222601,-44
223277,-43
224401,-42
224863,-41
226843,-42
226907,-41
227299,-40
227501,-41
227719,-40
228737,-41
228829,-41
229591,-40
230017,-39
230257,-38
231631,-37
231919,-36
231961,-37
232007,-36
233083,-37
233689,-38
235007,-37
235091,-38
235591,-39
236407,-40
236749,-39
236813,-40
237683,-39
238037,-40
238727,-41
238883,-40
238919,-39
238991,-38
239423,-37
239557,-36
240421,-35
241013,-34
241051,-35
241141,-34
241169,-35
241259,-34
241313,-33
242083,-32
244217,-33
244393,-32
244429,-31
245071,-30
245981,-29
246689,-30
247259,-29
247301,-30
248189,-31
248231,-30
248291,-31
248621,-32
248701,-31
248827,-32
249541,-31
249863,-30
250169,-29
250267,-30
251197,-29
251387,-30
251857,-31
251947,-32
252887,-31
254147,-32
254161,-31
255173,-30
255197,-31
256579,-32
257107,-31
257437,-32
257519,-33
258607,-34
259163,-33
259841,-34
259867,-35
260089,-36
261601,-35
262111,-34
263009,-33
263023,-34
263167,-35
263597,-34
263611,-35
264139,-34
264353,-33
264743,-34
265541,-35
265819,-36
266159,-37
266549,-38
266971,-37
267131,-36
267523,-37
268253,-36
268747,-37
269189,-38
270143,-39
270323,-38
270509,-37
270659,-36
270961,-35
271273,-34
272029,-35
272603,-34
272971,-33
273059,-32
273359,-33
274147,-34
274223,-35
274451,-34
274529,-35
275207,-36
275881,-37
275981,-36
276817,-35
276977,-34
277427,-35
277687,-34
277757,-33
278219,-32
278329,-31
278911,-32
280187,-31
280699,-32
281033,-31
281053,-32
281783,-33
282097,-32
282221,-31
282389,-30
282707,-29
282797,-28
283807,-29
284467,-28
285161,-27
287347,-28
287669,-27
287849,-28
287857,-29
288389,-28
289129,-27
290183,-26
290701,-25
290767,-24
291377,-23
291817,-22
292973,-20
293149,-19
293311,-18
293459,-19
294149,-20
294919,-19
295873,-20
295937,-19
297161,-20
297581,-21
297607,-20
297659,-21
297757,-22
299711,-23
299771,-22
300229,-23
300239,-22
300511,-21
300757,-20
301381,-19
301657,-18
301877,-19
301949,-20
302171,-19
302279,-20
302551,-21
302711,-22
303073,-21
303271,-20
303473,-19
303649,-18
303871,-19
303907,-20
303917,-21
304009,-22
304153,-23
304517,-22
305663,-21
306347,-22
306781,-21
307009,-22
307067,-23
307091,-22
307423,-21
307589,-22
307823,-23
309437,-22
309457,-21
309931,-22
311329,-23
311539,-24
311713,-23
311791,-24
312371,-23
312737,-22
312779,-23
312941,-22
313669,-23
314879,-22
314933,-21
315851,-20
316193,-19
317599,-20
317969,-19
318103,-18
318289,-17
318431,-16
318503,-15
319069,-14
319691,-15
319699,-14
319883,-15
320291,-14
321569,-13
322261,-12
322327,-13
323087,-12
323123,-13
323131,-12
323699,-13
324143,-14
325673,-13
326219,-12
327337,-13
327797,-12
328379,-13
329269,-14
329671,-15
330053,-16
330103,-15
330241,-16
330433,-17
330611,-18
330787,-19
332561,-20
332933,-21
333071,-20
333449,-21
334157,-20
334297,-21
334541,-22
334651,-21
335123,-20
336761,-19
336793,-20
338297,-19
338347,-20
338609,-19
338959,-20
340619,-21
340633,-22
340687,-23
342337,-24
343073,-23
343481,-24
344957,-23
345413,-22
345689,-23
348239,-24
349207,-25
349933,-26
350621,-25
351041,-26
351097,-27
352739,-26
353819,-25
354121,-26
354997,-27
355549,-28
356129,-29
356549,-30
356731,-31
356831,-32
357563,-31
358297,-30
359003,-29
359069,-28
359137,-29
359167,-28
359327,-29
360649,-30
360653,-29
361183,-28
361241,-29
361363,-30
362281,-29
362419,-30
362863,-29
362977,-28
363067,-29
363977,-28
364271,-27
364921,-28
364979,-27
365929,-26
366277,-27
366343,-26
366463,-27
366727,-26
366973,-27
367243,-26
367739,-25
367853,-25
368287,-26
368597,-27
369013,-26
369557,-27
370193,-26
370679,-27
370813,-28
371549,-29
371927,-28
372451,-29
372613,-30
372653,-29
372973,-28
375631,-27
376501,-26
376573,-27
378289,-28
379459,-27
379499,-28
381523,-27
381559,-28
382037,-29
382621,-28
384641,-27
385739,-28
386129,-29
386549,-30
387187,-29
387791,-30
389867,-31
390289,-32
390437,-33
391159,-32
391399,-31
391403,-32
391661,-33
392261,-34
393721,-33
394523,-34
394727,-35
394739,-34
395039,-35
395147,-36
395677,-37
395719,-38
395953,-39
396299,-40
397027,-41
398011,-42
398311,-41
398353,-42
398681,-43
399241,-44
399941,-45
400123,-46
401477,-47
403301,-46
403549,-45
403721,-46
404381,-45
404513,-46
405323,-47
405473,-45
405719,-44
405869,-43
406339,-42
407023,-41
408137,-40
408211,-41
408497,-40
409027,-39
409033,-40
409291,-39
410623,-38
411311,-37
411583,-36
411679,-37
414203,-38
415159,-37
415517,-36
415697,-35
416359,-36
416459,-37
416833,-38
417089,-39
417227,-38
417727,-39
419189,-38
419191,-39
419873,-40
420569,-39
420757,-38
420769,-39
421711,-38
422627,-37
422707,-36
423347,-37
423509,-36
423581,-37
424397,-38
424819,-37
426061,-38
426077,-39
426091,-38
427751,-39
428833,-38
429469,-39
429643,-38
430513,-39
430553,-38
431429,-39
431707,-38
432139,-39
432161,-38
432511,-39
433429,-40
433639,-39
434761,-38
435247,-37
435343,-38
435817,-37
437201,-36
437539,-37
439339,-36
439787,-35
440939,-36
441319,-37
442367,-36
442699,-37
442777,-36
442987,-37
444349,-36
444401,-37
444929,-38
445141,-37
445427,-36
445447,-35
445463,-36
445541,-35
445853,-34
447757,-33
447983,-34
448727,-33
448807,-32
449173,-33
450223,-34
450413,-35
450431,-34
450503,-35
450643,-36
451939,-35
453073,-34
453451,-35
454063,-36
454219,-37
454453,-38
454799,-39
455227,-40
455431,-39
455489,-40
455827,-39
456451,-38
456581,-39
457363,-40
457643,-39
457943,-38
459467,-37
461093,-37
461233,-38
461653,-37
462571,-36
464173,-37
465119,-36
466273,-37
466751,-36
468277,-37
468661,-36
468973,-37
469193,-38
469219,-37
469649,-38
473191,-39
473723,-38
474077,-37
474311,-36
476027,-37
476039,-38
476243,-37
477821,-37
478087,-38
478129,-39
478493,-40
478579,-41
481003,-42
481409,-43
481721,-42
482873,-43
483017,-42
483061,-43
483347,-42
484111,-41
484193,-42
484763,-43
485371,-42
486043,-43
486091,-42
486203,-41
486817,-40
487463,-39
487561,-38
487681,-37
488021,-38
488231,-38
488321,-39
488407,-38
488473,-39
488639,-40
489239,-39
489407,-38
489653,-39
490019,-38
490033,-39
492257,-40
492551,-41
493147,-42
493169,-43
493201,-44
493351,-43
493643,-42
495587,-41
495953,-42
496289,-43
498779,-42
499039,-43
499267,-44
499943,-43
500029,-42
500111,-41
500113,-42
500197,-43
501953,-42
502517,-43
503317,-42
504821,-43
505097,-44
506131,-43
507361,-42
507431,-41
507697,-42
508841,-41
508909,-40
509147,-39
509149,-40
509767,-39
510073,-38
510677,-39
511573,-38
512059,-39
513041,-38
513257,-37
517211,-36
517711,-35
517991,-36
518533,-37
519283,-36
519577,-35
519581,-36
520309,-35
520699,-36
521693,-37
522127,-36
522881,-37
524591,-36
526249,-35
526531,-34
527209,-33
527819,-34
528329,-35
528527,-36
528667,-35
529103,-36
529687,-37
529811,-36
530087,-35
530143,-34
531121,-35
532619,-36
532733,-37
533297,-36
533543,-35
533693,-34
533809,-35
534043,-34
534511,-33
534659,-34
536687,-35
537071,-36
537241,-37
537379,-36
537547,-37
537877,-36
538267,-35
538763,-34
539261,-35
540389,-36
540689,-35
541391,-34
541507,-35
541999,-36
542149,-37
542207,-38
543097,-37
544031,-36
545213,-35
545329,-36
546509,-37
546631,-38
547999,-39
549011,-40
549149,-39
550811,-37
551207,-38
551321,-37
551689,-38
552491,-39
552917,-40
553591,-39
554087,-40
555029,-39
555593,-38
556559,-39
556583,-38
556943,-39
558121,-40
558499,-39
559049,-40
559841,-41
560171,-40
561347,-41
562841,-40
562963,-41
563663,-42
563821,-43
564059,-42
564671,-41
564797,-42
564997,-43
565189,-42
566077,-43
567673,-42
567877,-43
568027,-42
568853,-43
569659,-44
570001,-43
570671,-44
571853,-45
572387,-44
572549,-43
573179,-44
573487,-43
573829,-44
574099,-45
574169,-44
574181,-45
576421,-44
577111,-43
577637,-42
577807,-41
577901,-40
578063,-41
578407,-42
578777,-41
579251,-40
579763,-41
579869,-42
579983,-43
580163,-42
580339,-41
580891,-42
580969,-43
581197,-42
582137,-43
582469,-42
582983,-43
584677,-44
585073,-45
585163,-44
586897,-43
587173,-42
587287,-41
587659,-40
588229,-39
588767,-40
590641,-41
591499,-42
591893,-43
592121,-42
592387,-41
592639,-40
592903,-41
593539,-42
594917,-43
595277,-42
595451,-41
595957,-40
596423,-39
596579,-38
597307,-39
597833,-38
598457,-37
599321,-38
600217,-37
600403,-38
600881,-37
601031,-38
601207,-37
602267,-38
602333,-39
602477,-38
604361,-39
604613,-40
604649,-41
605597,-42
607097,-43
607127,-44
607309,-43
608299,-44
608899,-43
608977,-44
612067,-43
613099,-42
613153,-43
614093,-44
614437,-45
615137,-46
615187,-45
616843,-44
617153,-45
617401,-46
618311,-45
618559,-44
618799,-43
619159,-42
620159,-41
620999,-40
621317,-41
622177,-40
622619,-39
625697,-40
626207,-39
627673,-38
628051,-39
628171,-38
628207,-37
629653,-38
629803,-39
630127,-40
630473,-41
630689,-40
631453,-39
632089,-40
632591,-39
633599,-40
634421,-41
635317,-40
635711,-41
637627,-40
639151,-41
639211,-40
640007,-41
642683,-40
642899,-39
643403,-38
643849,-37
644107,-38
644549,-37
644863,-36
648859,-37
649739,-38
649813,-39
650479,-40
651103,-41
651361,-42
651841,-41
652019,-42
652607,-41
652787,-42
653243,-41
654047,-42
657313,-43
657403,-44
658403,-43
658919,-44
658943,-45
659333,-44
660559,-43
660661,-44
662369,-43
663437,-42
664579,-43
665549,-42
667531,-43
667727,-44
667991,-43
668051,-42
668347,-41
668609,-40
668719,-39
669029,-40
669241,-41
670363,-42
671123,-43
672593,-44
673121,-43
673837,-44
674533,-45
674813,-44
675817,-43
676987,-44
678253,-43
678577,-44
678739,-45
678971,-46
679793,-47
680681,-46
681151,-47
681727,-48
682373,-49
685747,-50
686027,-51
686087,-52
687151,-51
687437,-50
688249,-49
689411,-48
691189,-49
692281,-50
692309,-51
692591,-50
692771,-51
693493,-50
693527,-51
696257,-50
696889,-49
698729,-50
698983,-51
700241,-50
700537,-51
700789,-52
701731,-53
702131,-52
702517,-51
702743,-50
704929,-51
704989,-50
705197,-51
706801,-52
706913,-51
707011,-50
707197,-49
708593,-48
708913,-47
709963,-46
710713,-45
713599,-46
714139,-47
715417,-46
716459,-45
716819,-44
717011,-45
717331,-46
717719,-47
719483,-46
720703,-45
721117,-46
721219,-45
721621,-44
722027,-45
722669,-46
722797,-45
724267,-44
724573,-45
724639,-46
725359,-45
726659,-46
727673,-47
727807,-46
728699,-47
730999,-46
731233,-45
733169,-44
733793,-43
733949,-44
734347,-43
735461,-42
735829,-43
736691,-42
740651,-43
741137,-44
741679,-45
742243,-44
743131,-45
743671,-46
743947,-45
745601,-46
746203,-45
746671,-44
747563,-43
747619,-44
750223,-45
751411,-46
751909,-45
752299,-46
753197,-47
753617,-46
753719,-45
754057,-44
754211,-45
754861,-46
755081,-47
755137,-46
755173,-45
755329,-46
755593,-45
756097,-44
756727,-45
758203,-44
758963,-43
759047,-44
759599,-43
761597,-44
762409,-43
763921,-42
764149,-41
764587,-42
764789,-41
765199,-40
765313,-39
766387,-38
766939,-39
767317,-38
767549,-37
770929,-38
771623,-39
771629,-38
773063,-37
773989,-36
774083,-37
775661,-38
776983,-37
777683,-38
778307,-39
778733,-38
778963,-37
779599,-36
779939,-37
780047,-38
780257,-39
780679,-38
781021,-39
782267,-40
783007,-41
783143,-40
783487,-39
784087,-40
784457,-41
785119,-40
785269,-41
786587,-42
787217,-41
788549,-40
788863,-39
789077,-38
790351,-37
791933,-36
792581,-35
794509,-34
794659,-33
795253,-34
795827,-35
795913,-34
796259,-33
796447,-32
796517,-31
796853,-30
797911,-29
798773,-30
800773,-31
801337,-32
801419,-31
801503,-32
802969,-33
803207,-34
803731,-33
804113,-32
804743,-31
805249,-30
805463,-29
806027,-28
806543,-27
806657,-28
807181,-27
807923,-26
808637,-27
809521,-28
809981,-27
811379,-28
811627,-27
811763,-26
812387,-27
817319,-26
817483,-25
818017,-24
818101,-23
819761,-22
822049,-23
822317,-22
824773,-21
825337,-22
825637,-23
826571,-24
829123,-23
829987,-22
830567,-21
830617,-20
831163,-19
831529,-18
831731,-19
831829,-18
832679,-19
832763,-20
832919,-19
833101,-18
833999,-19
834469,-18
834629,-19
835207,-20
836881,-21
837509,-22
838367,-23
838459,-22
839437,-23
840767,-24
840967,-23
841021,-22
841157,-21
841307,-20
842813,-19
844631,-20
845309,-19
845363,-18
845623,-17
847037,-18
848803,-17
849223,-18
849833,-19
850303,-20
850979,-21
851363,-20
851957,-21
852569,-22
852833,-21
852913,-22
853597,-23
853933,-24
854033,-23
855229,-24
856153,-25
856699,-24
857069,-25
857167,-26
857221,-25
857407,-24
859513,-23
860383,-22
860399,-21
860647,-22
860939,-21
861613,-22
861877,-21
862123,-22
862187,-23
862319,-24
862417,-25
863711,-26
864629,-27
868423,-28
869887,-29
870731,-30
870853,-29
873091,-30
873403,-29
874267,-30
874637,-31
875663,-30
878359,-31
878413,-32
878873,-31
879227,-32
879539,-33
880699,-32
883237,-31
883279,-32
883621,-33
885611,-32
886433,-31
887093,-32
887693,-33
888179,-34
888781,-35
888887,-36
889439,-35
890083,-36
891763,-35
892103,-36
893041,-35
895039,-36
895901,-37
896003,-36
896191,-37
896947,-36
897263,-35
898147,-34
898243,-33
899687,-34
899917,-33
900539,-34
900763,-33
900817,-34
900931,-35
901141,-36
903073,-35
903761,-34
904027,-35
904781,-34
904879,-35
905143,-34
905299,-33
905477,-34
906229,-33
906391,-33
907391,-34
907759,-35
907997,-34
909317,-33
909379,-34
910307,-35
910627,-34
910771,-35
911161,-36
912521,-35
912797,-36
912959,-37
913259,-36
914161,-37
916187,-38
917363,-37
917783,-36
919859,-37
920021,-38
923051,-39
923509,-38
923701,-39
923869,-38
924617,-39
924751,-40
925987,-41
926587,-40
927557,-41
927863,-40
928099,-39
928607,-40
930011,-41
930187,-40
930619,-39
931267,-40
934079,-41
936053,-40
937009,-39
937721,-38
938117,-37
938351,-38
938983,-39
939061,-40
940067,-39
941221,-38
941537,-37
942247,-36
943471,-37
947927,-38
949153,-39
949439,-38
949631,-37
950501,-38
952423,-39
952487,-38
952619,-40
955037,-39
955993,-40
957889,-39
958669,-40
961069,-39
965089,-38
965233,-37
966227,-38
966313,-39
966971,-40
967333,-41
968137,-40
970201,-39
971093,-38
971483,-37
971917,-38
972163,-39
972799,-38
972869,-39
972991,-38
973331,-37
974147,-38
974167,-39
974213,-38
974261,-37
974437,-36
974473,-35
974531,-34
975553,-34
975731,-33
976103,-34
976411,-35
977047,-34
977593,-35
979093,-36
979717,-37
979757,-36
980491,-35
981697,-34
981949,-33
982573,-34
983849,-35
984149,-34
984421,-35
984541,-36
984667,-35
984701,-34
984749,-35
987097,-36
988571,-35
989377,-36
989641,-37
990599,-36
991223,-35
992513,-34
992539,-32
993647,-33
993943,-32
994549,-31
994871,-32
994927,-33
995447,-32
995801,-33
997013,-32
998281,-31
999671,-32
1000133,-31
1000199,-32
1000367,-31
1001003,-30
1002173,-31
1005269,-30
1005701,-31
1005913,-30
1006609,-31
1006651,-30
1006897,-31
1010981,-30
1011359,-31
1015709,-30
1019729,-31
1020163,-30
1020967,-31
1023643,-30
1024073,-31
1024609,-30
1026041,-29
1026457,-28
1026677,-29
1027003,-28
1027357,-27
1027391,-26
1028843,-27
1029953,-26
1033273,-25
1033567,-26
1034009,-27
1034237,-26
1034941,-27
1035977,-26
1036039,-27
1036067,-28
1037129,-27
1037261,-28
1038629,-27
1040483,-26
1040783,-27
1042399,-26
1042571,-27
1044019,-26
1044457,-25
1044583,-26
1049639,-27
1050367,-26
1051507,-25
1052197,-24
1054309,-23
1054679,-22
1057489,-23
1057613,-24
1058011,-23
1059671,-22
1060739,-21
1061317,-20
1062107,-21
1064333,-22
1064467,-22
1065643,-23
1066049,-24
1066643,-23
1067009,-22
1068499,-23
1068701,-22
1071223,-21
1071227,-22
1072163,-23
1073599,-22
1074473,-21
1075147,-22
1075643,-23
1076381,-22
1077821,-23
1077841,-22
1079797,-21
1080449,-20
1081679,-19
1083083,-18
1083253,-17
1084493,-16
1084553,-15
1086557,-14
1086619,-13
1086919,-14
1087817,-13
1087907,-14
1088993,-13
1091219,-12
1091663,-13
1092307,-14
1092373,-13
1092929,-12
1094183,-11
1094633,-12
1094963,-13
1095461,-12
1095719,-13
1095781,-12
1096163,-11
1096363,-12
1097461,-11
1098847,-10
1099559,-11
1100977,-10
1101967,-9
1102393,-10
1102679,-9
1103933,-8
1104731,-9
1105019,-10
1105891,-9
1105961,-10
1106129,-8
1106771,-9
1108567,-8
1108711,-7
1108717,-8
1110467,-7
1111687,-6
1112611,-7
1112953,-6
1113239,-7
1113877,-6
1113997,-7
1115027,-8
1115497,-7
1118203,-6
1118371,-7
1119109,-6
1119389,-7
1119799,-8
1119947,-7
1120051,-6
1120159,-5
1120237,-6
1121837,-7
1123561,-6
1123841,-7
1124581,-6
1125221,-5
1125857,-4
1126421,-5
1127029,-6
1127303,-7
1127309,-8
1127513,-9
1127947,-10
1129217,-11
1130299,-10
1131217,-9
1131491,-8
1132091,-7
1132463,-6
1133651,-4
1133827,-3
1133989,-2
1134607,-3
1134649,-4
1135187,-5
1135853,-6
1135903,-7
1136327,-6
1137067,-5
1138273,-6
1139143,-7
1139197,-8
1144141,-7
1145173,-6
1145387,-7
1145497,-8
1145611,-9
1146779,-10
1146953,-9
1147193,-10
1147379,-9
1148039,-10
1148933,-11
1149601,-10
1150217,-9
1150769,-7
1150879,-6
1151203,-5
1151317,-6
1152791,-7
1153639,-6
1154579,-7
1154633,-8
1155899,-7
1155971,-8
1158301,-9
1159063,-8
1159243,-9
1160569,-8
1160581,-7
1160611,-8
1161439,-7
1161767,-8
1161883,-7
1162129,-8
1163069,-7
1165831,-8
1167799,-7
1168477,-8
1168693,-7
1170023,-8
1171073,-10
1171123,-9
1172929,-10
1173163,-11
1173749,-12
1174361,-13
1175353,-12
1176647,-13
1177019,-14
1178699,-15
1180009,-16
1180247,-17
1181183,-18
1184357,-17
1184749,-18
1185721,-17
1186621,-18
1187287,-17
1189057,-18
1189483,-19
1190467,-18
1193363,-19
1193783,-19
1194821,-20
1194959,-21
1196267,-19
1198073,-18
1198189,-19
1199351,-20
1199423,-19
1200061,-20
1202471,-21
1203607,-20
1203731,-21
1203949,-22
1207603,-21
1208237,-22
1210883,-23
1211207,-24
1212103,-23
1212569,-22
1213379,-21
1213837,-22
1213873,-21
1214431,-22
1214641,-21
1215629,-20
1215679,-21
1216997,-22
1218731,-21
1220591,-22
1220833,-23
1221029,-22
1222471,-21
1222717,-20
1224029,-19
1224389,-20
1224851,-19
1228937,-18
1230311,-17
1230371,-18
1230461,-19
1230967,-18
1232291,-17
1232603,-18
1233047,-17
1233887,-16
1235027,-15
1235149,-14
1235309,-15
1235501,-16
1236533,-17
1237433,-18
1238023,-17
1238533,-16
1239943,-15
1243169,-14
1243819,-13
1244029,-14
1244053,-13
1245281,-12
1246703,-13
1247167,-14
1247327,-13
1247591,-12
1248041,-13
1248103,-12
1249319,-11
1249321,-9
1249519,-8
1249727,-9
1250929,-10
1251697,-11
1252903,-10
1253137,-9
1253783,-9
1254469,-10
1254907,-9
1254983,-8
1255391,-9
1255747,-10
1258267,-11
1258723,-12
1258937,-13
1259743,-12
1260989,-11
1261069,-10
1261801,-9
1262147,-10
1262929,-9
1263133,-8
1263377,-7
1264037,-6
1264819,-5
1265921,-6
1266091,-7
1266743,-6
1266899,-5
1267199,-4
1267349,-3
1267789,-4
1268233,-5
1269733,-4
1270897,-5
1271069,-6
1272883,-5
1273087,-4
1273301,-5
1273673,-6
1275583,-7
1275737,-8
1275851,-9
1275899,-8
1276183,-7
1278373,-8
1279853,-7
1280761,-6
1281383,-7
1281523,-6
1281563,-5
1282343,-4
1282807,-3
1283417,-4
1285847,-5
1286107,-6
1286881,-5
1287133,-6
1288709,-7
1290533,-6
1291249,-5
1292009,-4
1293361,-5
1296187,-6
1296409,-5
1296413,-4
1296839,-5
1297103,-6
1297129,-5
1299323,-4
1299499,-3
1300931,-2
1302179,-1
1303189,0
1303223,1
1304783,2
1305247,1
1306751,2
1307519,1
1308331,2
1308523,1
1308707,2
1308977,1
1310383,0
1311643,-1
1311773,-2
1313699,-1
1314127,0
1314163,-1
1316527,0
1317067,-1
1317259,0
1317787,-1
1319687,0
1320727,1
1321169,0
1322179,1
1323169,2
1323733,1
1324577,2
1325707,1
1326859,2
1327619,3
1328563,2
1330061,3
1334881,2
1334969,1
1336021,2
1336949,1
1336963,0
1339357,-1
1339643,0
1340363,-1
1340653,0
1341257,-1
1343911,0
1345177,1
1346593,0
1346753,-1
1347919,0
1348889,1
1348987,0
1349891,-1
1351243,-2
1351837,-1
1351967,0
1352761,1
1352773,2
1352779,1
1353089,2
1353487,1
1353551,2
1353827,3
1354207,2
1354321,1
1355353,2
1358033,3
1358353,4
1358983,5
1360253,6
1361053,7
1361831,6
1362401,7
1362461,8
1364017,9
1364141,10
1365869,9
1366187,8
1369373,9
1371031,8
1371137,7
1371259,6
1372081,5
1372673,4
1372991,5
1374019,4
1375211,3
1375457,4
1379447,5
1379467,4
1381229,3
1381273,3
1381643,4
1385743,3
1386193,4
1386479,3
1387417,2
1387801,3
1388743,4
1389469,5
1389919,4
1389943,3
1390369,2
1390409,3
1391261,2
1392557,1
1393981,0
1394683,1
1397999,2
1398707,3
1399033,4
1399427,3
1399837,2
1400449,1
1401263,0
1401349,-1
1402003,-2
1402477,-1
1402763,-2
1403287,-3
1403869,-4
1403971,-5
1403981,-4
1406701,-3
1406959,-4
1407019,-5
1408177,-4
1409579,-3
1409833,-2
1411831,-1
1412603,0
1412947,1
1413211,0
1416551,-1
1417873,-2
1419029,-3
1419371,-2
1421437,-1
1421867,0
1423259,1
1423921,2
1425881,3
1426127,4
1427599,3
1429601,4
1429777,5
1431263,6
1431809,5
1432469,4
1432799,3
1433017,2
1434691,1
1435477,0
1436849,-1
1438279,-3
1438303,-2
1439527,-3
1440499,-2
1441031,-1
1441673,0
1441757,-1
1443053,-2
1443059,-3
1443817,-2
1445657,-1
1445723,0
1446083,1
1447123,0
1448081,1
1448767,0
1448779,-1
1448819,-2
1449949,-1
1452527,0
1452559,-1
1454573,0
1454897,-1
1455043,-2
1455367,-1
1455767,0
1457501,1
1458817,0
1459069,1
1459691,0
1460027,1
1460729,0
1461877,1
1462037,2
1462189,1
1462939,2
1463899,1
1465171,2
1466783,3
1467157,2
1467329,3
1467989,4
1468457,5
1468729,4
1469141,5
1469801,6
1471031,5
1471433,6
1472929,5
1472953,4
1474177,5
1476551,6
1476983,7
1477409,6
1478207,5
1478357,4
1478809,3
1480261,2
1481693,3
1482289,2
1483331,1
1484009,2
1484233,1
1485413,0
1486343,-1
1488043,-2
1488167,-3
1489399,-2
1491103,-3
1491547,-2
1491821,-1
1492087,0
1492261,-1
1493027,-2
1493441,-1
1493927,0
1494421,-1
1494719,-2
1495321,-3
1496723,-4
1496791,-5
1498073,-4
1498577,-3
1502101,-4
1503127,-5
1503371,-4
1504579,-3
1505489,-2
1505711,-3
1507453,-2
1509587,-1
1509913,0
1510991,1
1513601,2
1515053,3
1517027,4
1518329,3
1521571,2
1521671,1
1522511,0
1523917,1
1526377,0
1526873,-1
1527949,-2
1529009,-1
1531769,0
1532917,-1
1534591,0
1535563,1
1538617,2
1539227,3
1540543,4
1541821,5
1542187,6
1542511,7
1543489,6
1543513,4
1545847,3
1546117,4
1547431,3
1548059,2
1548073,1
1548277,0
1549409,-1
1549549,-2
1551343,-1
1551911,-2
1552087,-3
1552121,-2
1556509,-3
1556573,-4
1558223,-5
1559891,-4
1560569,-3
1563503,-4
1564993,-3
1566427,-2
1566529,-3
1566659,-4
1566821,-5
1567931,-6
1567987,-5
1570519,-6
1570937,-5
1571461,-6
1571893,-7
1573553,-6
1574107,-7
1574219,-6
1574623,-5
1577201,-7
1577357,-6
1577591,-7
1578221,-6
1578389,-5
1578631,-6
1578853,-5
1580687,-4
1583321,-3
1584139,-2
1584371,-3
1584607,-2
1586257,-1
1587923,0
1587959,1
1588661,2
1589513,1
1589677,0
1590383,1
1590521,0
1590643,-1
1591873,0
1592939,1
1593947,2
1595731,1
1598053,2
1600531,3
1600691,2
1600909,3
1601843,4
1602823,3
1603331,2
1605697,3
1607659,4
1609043,3
1611161,2
1611689,3
1612249,4
1612913,3
1613707,4
1614311,5
1614317,4
1614331,3
1616677,2
1618091,1
1619671,2
1619699,3
1619759,2
1622143,3
1622827,4
1623437,3
1623451,4
1624169,3
1625707,4
1626197,5
1626211,6
1626701,7
1626763,6
1627693,5
1629581,4
1631101,3
1632013,2
1632769,1
1633679,0
1635061,-1
1635827,-2
1636001,-3
1637813,-2
1638107,-3
1638913,-4
1638929,-3
1639991,-4
1640033,-3
1642813,-2
1643099,-3
1643701,-2
1644437,-1
1644451,0
1645661,-1
1646543,-2
1647473,-3
1649003,-4
1655237,-3
1656043,-2
1656899,-3
1657811,-4
1658161,-5
1658417,-4
1658977,-3
1659877,-4
1660661,-5
1660691,-4
1661029,-3
1663373,-2
1666061,-3
1667051,-2
1667647,-1
1667749,0
1668833,1
1669489,2
1669747,1
1669963,2
1670563,0
1671643,-1
1672487,0
1672963,1
1674461,2
1675697,3
1676533,4
1677283,5
1678639,6
1678717,7
1679009,6
1679291,7
1679959,6
1679963,5
1680431,6
1680821,5
1681397,6
1681619,5
1686449,6
1687327,7
1688143,8
1690211,9
1691093,8
1692233,7
1693493,8
1694027,7
1695139,6
1699781,5
1700441,4
1702087,5
1703437,6
1704211,7
1707611,6
1708439,7
1711093,8
1711459,7
1715713,6
1715761,5
1716619,4
1716761,3
1716853,2
1719923,3
1721149,2
1721579,3
1723639,2
1724027,3
1724507,2
1724509,1
1724713,2
1724893,3
1725767,4
1725869,3
1726349,2
1727057,3
1727437,4
1729523,5
1729823,4
1730657,5
1731449,6
1732697,5
1734463,4
1734787,5
1734793,4
1735739,3
1735931,2
1737311,1
1738739,2
1738969,1
1739401,0
1739827,-1
1740589,0
1742537,-1
1744579,-2
1746883,-3
1747033,-4
1747327,-3
1747847,-4
1750621,-3
1752467,-2
1753039,-3
1756273,-4
1756613,-3
1756913,-2
1757491,-3
1759129,-4
1759291,-3
1760873,-4
1761629,-5
1762259,-4
1762931,-5
1763137,-4
1763539,-5
1764223,-4
1766663,-3
1767943,-2
1770829,-3
1772723,-2
1772737,-1
1773361,-2
1774183,-1
1775597,-2
1776421,-1
1776469,-2
1776617,-1
1776997,0
1777379,1
1778537,0
1779649,-1
1779881,-2
1780081,-1
1781099,0
1784191,-1
1784807,-2
1787011,-1
1787633,0
1788211,1
1788623,2
1789219,3
1789783,4
1790599,3
1791121,2
1792559,1
1794269,-1
1797097,-2
1797769,-1
1798619,0
1798739,-1
1798813,0
1799279,1
1800157,0
1800167,1
1800343,2
1802081,1
1803317,2
1805263,1
1805729,0
1805963,-1
1806383,0
1806977,-1
1807963,-2
1808887,-1
1809331,0
1812851,-1
1813639,0
1815103,1
1815523,0
1818293,-1
1819393,0
1819709,-1
1820419,-2
1821433,-3
1824827,-2
1825357,-3
1828591,-2
1828601,-1
1829011,0
1831747,-1
1834117,-2
1835363,0
1836451,-1
1837249,-2
1837657,-3
1839947,-4
1840087,-3
1840673,-4
1843201,-5
1844299,-4
1844569,-3
1846181,-2
1846511,-3
1847051,-4
1847423,-3
1848103,-2
1848863,-3
1848929,-2
1849643,-3
1850119,-2
1851319,-3
1852699,-2
1854109,-3
1854317,-4
1854373,-5
1854997,-4
1855961,-5
1856149,-4
1856821,-5
1857439,-6
1857929,-7
1859497,-6
1860097,-5
1861511,-4
1863347,-5
1863637,-6
1864427,-5
1865659,-4
1866211,-3
1866281,-4
1868371,-5
1869097,-4
1869403,-3
1870361,-4
1870373,-3
1870879,-2
1871413,-1
1873589,-2
1873687,-1
1874797,0
1875793,1
1877723,2
1879729,3
1879807,2
1880257,1
1880267,0
1882561,1
1883699,2
1883773,1
1884053,0
1884517,1
1885259,0
1885847,-1
1886051,0
1886231,-1
1887133,0
1887211,1
1890103,0
1890283,1
1891627,0
1892833,1
1893181,2
1894043,1
1894691,2
1895563,1
1896577,0
1897361,1
1899661,0
1900831,1
1901177,0
1901519,-1
1902029,0
1902539,1
1906271,0
1907593,2
1909837,3
1910971,2
1911347,3
1912831,2
1913047,3
1913269,2
1916333,3
1917301,2
1918237,1
1919383,2
1921267,3
1923059,2
1923107,1
1925383,0
1926161,-1
1929467,0
1930307,-1
1930391,0
1931381,-1
1932181,0
1933181,1
1934393,0
1934663,-1
1937233,-2
1938113,-1
1940219,-2
1941557,-3
1942033,-4
1942939,-3
1945561,-2
1946033,-1
1946171,0
1948759,1
1950107,0
1950623,1
1950941,2
1952221,1
1954217,0
1956011,-1
1956341,-2
1961957,-1
1962139,-2
1962283,-3
1967479,-2
1968773,-3
1969273,-2
1970209,-1
1976197,-2
1977223,-1
1977403,-2
1980899,-1
1982269,0
1983889,-1
1984901,0
1986043,1
1986949,2
1990243,3
1991489,2
1991911,3
1993829,2
1995289,1
1996697,2
1997773,1
1999867,0